21 402
21 403
21 404
21 407
21 408
21 442
21 443
21 444
21 445
21 446
21 447
21 449
21 459
21 460
21 461
21 462
21 463
21 464
21 465
21 466
21 467
21 468
21 469
21 470
21 471
21 472
21 473
21 474
21 475
21 476
21 477
22 395
22 396
22 400
22 401
22 402
22 403
22 404
22 405
22 406
22 407
22 408
22 411
22 440
22 441
22 442
22 443
22 444
22 445
22 446
22 447
22 448
22 449
22 459
22 460
22 461
22 462
22 463
22 464
22 465
22 466
22 467
22 468
22 469
22 470
22 471
22 472
22 473
22 474
22 475
22 476
22 477
22 479
23 393
23 395
23 396
23 398
23 399
23 400
23 401
23 402
23 403
23 404
23 405
23 406
23 407
23 408
23 409
23 410
23 411
23 412
23 413
23 414
23 440
23 441
23 442
23 443
23 444
23 445
23 446
23 447
23 448
23 449
23 450
23 452
23 454
23 456
23 457
23 458
23 459
23 460
23 461
23 462
23 463
23 464
23 465
23 466
23 467
23 468
23 469
23 470
23 471
23 472
23 473
23 474
23 475
23 476
23 477
23 478
23 479
24 396
24 400
24 401
24 402
24 403
24 404
24 405
24 406
24 407
24 408
24 409
24 411
24 440
24 441
24 442
24 443
24 444
24 445
24 446
24 447
24 448
24 449
24 454
24 456
24 457
24 458
24 459
24 460
24 461
24 462
24 463
24 464
24 465
24 466
24 467
24 468
24 469
24 470
24 471
24 472
24 473
24 474
24 475
24 476
24 477
24 478
24 479
25 390
25 393
25 396
25 401
25 402
25 403
25 404
25 405
25 406
25 407
25 408
25 440
25 441
25 442
25 443
25 444
25 445
25 446
25 447
25 448
25 458
25 459
25 460
25 461
25 462
25 463
25 464
25 465
25 466
25 467
25 468
25 469
25 470
25 471
25 472
25 473
25 474
25 475
25 476
25 477
25 478
25 479
26 337
26 338
26 389
26 390
26 391
26 392
26 393
26 394
26 395
26 396
26 397
26 398
26 399
26 400
26 401
26 402
26 403
26 404
26 405
26 406
26 407
26 408
26 409
26 410
26 411
26 412
26 414
26 439
26 440
26 441
26 442
26 443
26 444
26 445
26 446
26 447
26 448
26 449
26 454
26 457
26 458
26 459
26 460
26 461
26 462
26 463
26 464
26 465
26 466
26 467
26 468
26 469
26 470
26 471
26 472
26 473
26 474
26 475
26 476
26 477
26 478
26 479
26 480
26 481
26 490
26 491
27 337
27 338
27 390
27 392
27 393
27 395
27 396
27 399
27 400
27 401
27 402
27 403
27 404
27 405
27 406
27 407
27 408
27 409
27 410
27 411
27 436
27 439
27 440
27 441
27 442
27 443
27 444
27 445
27 446
27 447
27 448
27 449
27 452
27 454
27 455
27 456
27 457
27 458
27 459
27 460
27 461
27 462
27 463
27 464
27 465
27 466
27 467
27 468
27 469
27 470
27 471
27 472
27 473
27 474
27 475
27 476
27 477
27 478
27 479
27 480
27 481
27 482
27 491
28 390
28 392
28 393
28 395
28 396
28 400
28 401
28 402
28 403
28 404
28 405
28 406
28 407
28 408
28 409
28 411
28 435
28 436
28 439
28 440
28 441
28 442
28 443
28 444
28 445
28 446
28 447
28 448
28 456
28 457
28 458
28 459
28 460
28 461
28 462
28 463
28 464
28 465
28 466
28 467
28 468
28 469
28 470
28 471
28 472
28 473
28 474
28 475
28 476
28 477
28 478
28 479
28 480
28 481
28 482
28 491
29 390
29 392
29 393
29 395
29 396
29 401
29 402
29 403
29 404
29 405
29 406
29 407
29 408
29 409
29 435
29 436
29 438
29 439
29 440
29 441
29 442
29 443
29 444
29 445
29 446
29 447
29 458
29 459
29 460
29 461
29 462
29 463
29 464
29 465
29 466
29 467
29 468
29 469
29 470
29 471
29 472
29 473
29 474
29 475
29 476
29 477
29 478
29 479
29 480
29 481
29 482
29 484
29 487
29 490
29 491
30 336
30 337
30 338
30 389
30 390
30 391
30 392
30 393
30 394
30 395
30 396
30 397
30 398
30 399
30 400
30 401
30 402
30 403
30 404
30 405
30 406
30 407
30 408
30 409
30 410
30 411
30 412
30 431
30 434
30 435
30 436
30 437
30 438
30 439
30 440
30 441
30 442
30 443
30 444
30 445
30 446
30 447
30 448
30 449
30 454
30 456
30 457
30 458
30 459
30 460
30 461
30 462
30 463
30 464
30 465
30 466
30 467
30 468
30 469
30 470
30 471
30 472
30 473
30 474
30 475
30 476
30 477
30 478
30 479
30 480
30 481
30 482
30 483
30 484
30 487
30 488
30 490
30 491
31 336
31 337
31 338
31 339
31 388
31 389
31 390
31 392
31 393
31 395
31 396
31 400
31 401
31 402
31 403
31 404
31 405
31 406
31 407
31 408
31 409
31 410
31 411
31 430
31 431
31 432
31 433
31 434
31 435
31 436
31 437
31 438
31 439
31 440
31 441
31 442
31 443
31 444
31 445
31 446
31 447
31 448
31 454
31 455
31 456
31 457
31 458
31 459
31 460
31 461
31 462
31 463
31 464
31 465
31 466
31 467
31 468
31 469
31 470
31 471
31 472
31 473
31 474
31 475
31 476
31 477
31 478
31 479
31 480
31 481
31 482
31 483
31 484
31 486
31 487
31 490
31 491
32 390
32 392
32 393
32 395
32 396
32 402
32 403
32 404
32 405
32 406
32 407
32 408
32 409
32 431
32 432
32 433
32 434
32 435
32 436
32 437
32 438
32 439
32 440
32 441
32 442
32 443
32 444
32 445
32 446
32 447
32 456
32 457
32 458
32 459
32 460
32 461
32 462
32 463
32 464
32 465
32 466
32 467
32 468
32 469
32 470
32 471
32 472
32 473
32 474
32 475
32 476
32 477
32 478
32 479
32 480
32 481
32 482
32 483
32 484
32 486
32 487
32 488
32 490
32 491
33 336
33 337
33 338
33 388
33 389
33 390
33 391
33 392
33 393
33 394
33 395
33 396
33 397
33 401
33 402
33 403
33 404
33 405
33 406
33 407
33 408
33 409
33 431
33 432
33 433
33 434
33 435
33 436
33 437
33 438
33 439
33 440
33 441
33 442
33 443
33 444
33 445
33 447
33 457
33 459
33 460
33 461
33 462
33 463
33 464
33 465
33 469
33 470
33 471
33 472
33 473
33 474
33 475
33 476
33 477
33 478
33 479
33 480
33 481
33 482
33 483
33 484
33 485
33 486
33 487
33 488
33 489
33 490
33 491
33 492
33 493
34 333
34 334
34 335
34 336
34 337
34 338
34 339
34 387
34 388
34 389
34 390
34 391
34 392
34 393
34 394
34 395
34 396
34 397
34 398
34 399
34 400
34 401
34 402
34 403
34 404
34 405
34 406
34 407
34 408
34 409
34 410
34 411
34 412
34 424
34 425
34 426
34 428
34 429
34 430
34 431
34 432
34 433
34 434
34 435
34 436
34 437
34 438
34 439
34 440
34 441
34 442
34 443
34 444
34 445
34 446
34 447
34 448
34 453
34 454
34 455
34 456
34 457
34 458
34 459
34 460
34 461
34 462
34 463
34 464
34 465
34 466
34 467
34 468
34 469
34 470
34 471
34 472
34 473
34 474
34 475
34 476
34 477
34 478
34 479
34 480
34 481
34 482
34 483
34 484
34 485
34 486
34 487
34 488
34 489
34 490
34 491
34 492
34 493
34 494
34 495
34 496
35 336
35 337
35 338
35 339
35 388
35 389
35 390
35 391
35 392
35 393
35 395
35 396
35 401
35 402
35 403
35 404
35 405
35 406
35 407
35 408
35 409
35 410
35 429
35 430
35 431
35 432
35 433
35 434
35 435
35 436
35 437
35 438
35 439
35 440
35 441
35 442
35 443
35 444
35 445
35 446
35 447
35 454
35 455
35 456
35 457
35 458
35 459
35 460
35 461
35 462
35 463
35 464
35 465
35 466
35 467
35 468
35 469
35 470
35 471
35 472
35 473
35 474
35 475
35 476
35 477
35 478
35 479
35 480
35 481
35 482
35 483
35 484
35 485
35 486
35 487
35 488
35 490
35 491
35 492
35 493
36 390
36 392
36 393
36 395
36 396
36 402
36 403
36 404
36 405
36 408
36 409
36 430
36 431
36 432
36 433
36 434
36 435
36 436
36 437
36 438
36 439
36 440
36 441
36 442
36 443
36 444
36 459
36 460
36 461
36 462
36 463
36 464
36 469
36 470
36 471
36 472
36 473
36 474
36 475
36 476
36 477
36 478
36 479
36 480
36 481
36 482
36 483
36 484
36 485
36 486
36 487
36 488
36 489
36 490
36 491
36 492
37 336
37 337
37 338
37 388
37 389
37 390
37 391
37 392
37 393
37 394
37 395
37 396
37 401
37 402
37 403
37 404
37 405
37 406
37 407
37 408
37 409
37 424
37 425
37 426
37 427
37 428
37 429
37 430
37 431
37 432
37 433
37 434
37 435
37 436
37 437
37 438
37 439
37 440
37 441
37 442
37 443
37 444
37 460
37 462
37 469
37 470
37 471
37 472
37 473
37 474
37 475
37 476
37 477
37 478
37 479
37 480
37 481
37 482
37 483
37 484
37 485
37 486
37 487
37 488
37 489
37 490
37 491
37 492
37 493
37 494
38 333
38 335
38 336
38 337
38 338
38 339
38 388
38 389
38 390
38 391
38 392
38 393
38 394
38 395
38 396
38 402
38 403
38 404
38 405
38 406
38 407
38 408
38 409
38 424
38 425
38 426
38 427
38 428
38 429
38 430
38 431
38 432
38 433
38 434
38 435
38 436
38 437
38 438
38 439
38 440
38 441
38 442
38 443
38 444
38 456
38 457
38 459
38 460
38 461
38 462
38 469
38 470
38 471
38 472
38 473
38 474
38 475
38 476
38 477
38 478
38 479
38 480
38 481
38 482
38 483
38 484
38 485
38 486
38 487
38 488
38 489
38 490
38 491
38 492
38 493
38 494
39 390
39 392
39 393
39 404
39 405
39 426
39 428
39 429
39 430
39 431
39 432
39 433
39 434
39 435
39 436
39 437
39 438
39 439
39 440
39 441
39 442
39 443
39 459
39 460
39 461
39 462
39 463
39 468
39 469
39 470
39 471
39 472
39 473
39 474
39 475
39 476
39 477
39 478
39 479
39 480
39 481
39 482
39 483
39 484
39 485
39 486
39 487
39 488
39 490
39 491
39 492
39 493
40 390
40 392
40 393
40 395
40 404
40 430
40 431
40 432
40 433
40 434
40 435
40 436
40 437
40 438
40 439
40 440
40 442
40 470
40 471
40 475
40 476
40 478
40 479
40 480
40 481
40 482
40 483
40 484
40 485
40 486
40 487
40 488
40 489
40 490
40 491
40 492
41 333
41 388
41 389
41 390
41 391
41 392
41 393
41 395
41 404
41 424
41 425
41 426
41 427
41 428
41 429
41 430
41 431
41 432
41 433
41 434
41 435
41 436
41 437
41 438
41 439
41 440
41 442
41 470
41 475
41 478
41 479
41 480
41 481
41 482
41 483
41 484
41 485
41 486
41 487
41 488
41 489
41 490
41 491
41 492
41 493
41 494
42 333
42 336
42 337
42 338
42 388
42 389
42 390
42 391
42 392
42 393
42 404
42 405
42 409
42 424
42 425
42 426
42 427
42 428
42 429
42 430
42 431
42 432
42 433
42 434
42 435
42 436
42 437
42 438
42 439
42 440
42 441
42 442
42 443
42 470
42 472
42 475
42 476
42 477
42 478
42 479
42 480
42 481
42 482
42 483
42 484
42 485
42 486
42 487
42 488
42 489
42 490
42 491
42 492
42 493
42 494
43 390
43 430
43 431
43 432
43 433
43 434
43 435
43 436
43 437
43 438
43 439
43 440
43 442
43 470
43 479
43 480
43 481
43 482
43 483
43 484
43 485
43 486
43 487
43 488
43 491
43 492
44 390
44 392
44 426
44 430
44 431
44 432
44 433
44 434
44 435
44 436
44 437
44 439
44 479
44 480
44 481
44 482
44 483
44 484
44 485
44 486
44 487
44 488
44 489
44 490
44 491
44 492
45 333
45 390
45 392
45 425
45 426
45 427
45 428
45 429
45 430
45 431
45 432
45 433
45 434
45 435
45 436
45 437
45 438
45 439
45 440
45 479
45 480
45 481
45 482
45 483
45 484
45 485
45 486
45 487
45 488
45 489
45 490
45 491
45 492
45 493
46 426
46 427
46 430
46 431
46 432
46 433
46 434
46 435
46 436
46 437
46 439
46 479
46 480
46 481
46 482
46 483
46 484
46 485
46 486
46 487
46 488
46 491
46 492
47 431
47 432
47 433
47 434
47 435
47 436
47 480
47 482
47 483
47 484
47 485
47 486
47 487
47 488
48 426
48 427
48 428
48 429
48 430
48 431
48 432
48 433
48 434
48 435
48 436
48 482
48 483
48 484
48 485
48 486
48 487
48 488
48 489
48 491
48 492
49 426
49 427
49 428
49 429
49 430
49 431
49 432
49 433
49 434
49 435
49 436
49 437
49 480
49 481
49 482
49 483
49 484
49 485
49 486
49 487
49 488
49 489
49 491
49 492
50 431
50 432
50 433
50 434
50 435
50 436
50 484
50 485
50 486
50 487
51 431
51 432
51 433
51 434
51 436
51 484
51 485
51 486
51 487
52 426
52 427
52 429
52 430
52 431
52 432
52 433
52 434
52 435
52 436
52 484
52 485
52 486
52 487
52 488
53 426
53 427
53 430
53 431
53 432
53 433
53 434
53 435
53 436
53 484
53 485
53 486
53 487
53 488
53 492
54 431
54 432
54 433
54 434
54 484
54 485
54 486
55 426
55 427
55 430
55 431
55 432
55 433
55 434
55 435
55 436
55 484
55 485
55 486
55 487
56 427
56 430
56 431
56 432
56 433
56 434
56 435
56 436
56 484
56 485
56 486
57 426
57 427
57 428
57 429
57 430
57 431
57 432
57 433
57 434
57 435
57 436
57 437
57 480
57 482
57 483
57 484
57 485
57 486
57 487
58 426
58 427
58 430
58 431
58 432
58 433
58 434
58 435
58 436
58 437
58 483
58 484
58 485
58 486
58 487
59 431
59 432
59 433
59 434
59 435
59 436
59 484
59 486
60 430
60 431
60 432
60 433
60 434
60 435
60 436
60 437
60 480
60 484
60 486
61 333
61 426
61 427
61 428
61 429
61 430
61 431
61 432
61 433
61 434
61 435
61 436
61 437
61 438
61 439
61 476
61 479
61 480
61 481
61 482
61 483
61 484
61 485
61 486
61 487
61 488
62 430
62 431
62 432
62 433
62 434
62 435
62 436
62 437
62 480
62 482
62 483
62 484
62 485
62 486
62 487
63 431
63 432
63 433
63 434
63 435
63 436
63 470
63 476
63 480
63 484
63 486
64 430
64 431
64 432
64 433
64 434
64 435
64 436
64 437
64 438
64 439
64 442
64 470
64 475
64 476
64 478
64 479
64 480
64 481
64 482
64 483
64 484
64 485
64 486
64 487
65 430
65 431
65 432
65 433
65 434
65 435
65 436
65 437
65 438
65 439
65 440
65 442
65 470
65 472
65 475
65 476
65 478
65 479
65 480
65 481
65 482
65 483
65 484
65 485
65 486
65 487
65 491
66 431
66 432
66 433
66 434
66 435
66 436
66 437
66 439
66 442
66 470
66 472
66 475
66 476
66 479
66 480
66 482
66 483
66 484
66 486
66 487
67 431
67 432
67 433
67 434
67 435
67 436
67 437
67 439
67 442
67 469
67 470
67 471
67 472
67 473
67 474
67 475
67 476
67 478
67 479
67 480
67 484
68 338
68 390
68 404
68 429
68 430
68 431
68 432
68 433
68 434
68 435
68 436
68 437
68 438
68 439
68 440
68 441
68 442
68 443
68 457
68 458
68 459
68 460
68 461
68 462
68 465
68 467
68 468
68 469
68 470
68 471
68 472
68 473
68 474
68 475
68 476
68 477
68 478
68 479
68 480
68 481
68 482
68 483
68 484
68 485
68 486
68 487
68 491
69 390
69 431
69 432
69 433
69 434
69 435
69 436
69 437
69 439
69 440
69 442
69 443
69 460
69 462
69 468
69 469
69 470
69 471
69 472
69 473
69 474
69 475
69 476
69 478
69 479
69 480
69 481
69 482
69 483
69 484
69 486
69 487
69 491
70 432
70 433
70 434
70 435
70 436
70 439
70 442
70 462
70 468
70 469
70 470
70 471
70 472
70 473
70 474
70 475
70 476
70 479
70 480
70 484
71 433
71 434
71 435
71 436
71 437
71 439
71 440
71 442
71 443
71 459
71 460
71 461
71 462
71 463
71 467
71 468
71 469
71 470
71 471
71 472
71 473
71 474
71 475
71 476
71 477
71 478
71 479
71 480
71 484
72 390
72 393
72 403
72 404
72 405
72 408
72 409
72 431
72 432
72 433
72 434
72 435
72 436
72 437
72 438
72 439
72 440
72 441
72 442
72 443
72 444
72 457
72 458
72 459
72 460
72 461
72 462
72 463
72 464
72 465
72 467
72 468
72 469
72 470
72 471
72 472
72 473
72 474
72 475
72 476
72 477
72 478
72 479
72 480
72 481
72 482
72 483
72 484
72 486
72 487
72 491
73 435
73 436
73 439
73 440
73 442
73 443
73 460
73 461
73 462
73 463
73 468
73 469
73 470
73 471
73 472
73 473
73 474
73 475
73 476
73 478
73 479
73 480
73 484
73 491
74 436
74 442
74 460
74 461
74 462
74 463
74 465
74 467
74 468
74 469
74 470
74 471
74 472
74 473
74 474
74 475
74 476
74 479
74 480
75 404
75 408
75 434
75 435
75 436
75 437
75 439
75 440
75 441
75 442
75 443
75 444
75 445
75 456
75 457
75 458
75 459
75 460
75 461
75 462
75 463
75 464
75 465
75 466
75 467
75 468
75 469
75 470
75 471
75 472
75 473
75 474
75 475
75 476
75 477
75 478
75 479
75 480
75 481
75 484
76 390
76 403
76 404
76 408
76 435
76 436
76 437
76 439
76 440
76 441
76 442
76 443
76 444
76 445
76 457
76 458
76 459
76 460
76 461
76 462
76 463
76 464
76 465
76 466
76 467
76 468
76 469
76 470
76 471
76 472
76 473
76 474
76 475
76 476
76 477
76 478
76 479
76 480
76 481
76 482
76 484
76 491
77 442
77 443
77 460
77 461
77 462
77 463
77 464
77 465
77 466
77 467
77 468
77 469
77 470
77 471
77 472
77 473
77 474
77 475
77 476
77 479
78 442
78 443
78 459
78 460
78 461
78 462
78 463
78 464
78 465
78 466
78 467
78 468
78 469
78 470
78 471
78 472
78 473
78 474
78 475
78 476
78 477
78 479
79 403
79 404
79 408
79 436
79 439
79 440
79 441
79 442
79 443
79 444
79 445
79 447
79 457
79 458
79 459
79 460
79 461
79 462
79 463
79 464
79 465
79 466
79 467
79 468
79 469
79 470
79 471
79 472
79 473
79 474
79 475
79 476
79 477
79 478
79 479
79 480
80 442
80 443
80 459
80 460
80 461
80 462
80 463
80 464
80 465
80 466
80 467
80 468
80 469
80 470
80 471
80 472
80 473
80 474
80 475
80 476
80 477
80 479
81 442
81 443
81 460
81 461
81 462
81 463
81 464
81 465
81 466
81 467
81 468
81 469
81 470
81 471
81 472
81 473
81 474
81 475
81 476
82 404
82 408
82 442
82 443
82 444
82 445
82 459
82 460
82 461
82 462
82 463
82 464
82 465
82 466
82 467
82 468
82 469
82 470
82 471
82 472
82 473
82 474
82 475
82 476
82 477
82 479
83 402
83 403
83 404
83 407
83 408
83 440
83 441
83 442
83 443
83 444
83 445
83 446
83 447
83 458
83 459
83 460
83 461
83 462
83 463
83 464
83 465
83 466
83 467
83 468
83 469
83 470
83 471
83 472
83 473
83 474
83 475
83 476
83 477
83 478
83 479
84 442
84 443
84 445
84 460
84 461
84 462
84 463
84 464
84 465
84 466
84 467
84 468
84 469
84 470
84 471
84 472
84 473
84 474
84 475
85 404
85 442
85 443
85 460
85 462
85 463
85 464
85 465
85 468
85 470
85 471
85 472
85 473
85 474
85 475
86 462
86 463
86 464
86 465
86 468
86 471
86 472
86 473
86 475
87 402
87 404
87 407
87 408
87 442
87 443
87 445
87 447
87 460
87 461
87 462
87 463
87 464
87 465
87 466
87 468
87 470
87 471
87 472
87 473
87 474
87 475
88 402
88 403
88 404
88 407
88 408
88 442
88 443
88 444
88 445
88 447
88 460
88 461
88 462
88 463
88 464
88 465
88 468
88 470
88 471
88 472
88 473
88 474
88 475
89 400
89 402
89 403
89 404
89 407
89 408
89 442
89 443
89 444
89 445
89 446
89 447
89 460
89 461
89 462
89 463
89 464
89 465
89 472
89 473
89 475
90 390
90 393
90 395
90 396
90 399
90 400
90 401
90 402
90 403
90 404
90 405
90 406
90 407
90 408
90 411
90 440
90 442
90 443
90 444
90 445
90 446
90 447
90 460
90 461
90 462
90 463
90 464
90 465
90 472
90 473
90 475
91 395
91 400
91 402
91 403
91 404
91 407
91 408
91 442
91 447
91 462
91 463
92 390
92 392
92 393
92 395
92 396
92 400
92 401
92 402
92 403
92 404
92 405
92 406
92 407
92 408
92 440
92 442
92 443
92 447
92 460
92 462
92 463
92 464
92 465
92 472
92 473
92 475
92 479
92 491
93 390
93 392
93 393
93 395
93 396
93 400
93 401
93 402
93 403
93 404
93 405
93 406
93 407
93 408
93 411
93 440
93 441
93 442
93 443
93 444
93 445
93 446
93 447
93 460
93 461
93 462
93 463
93 464
93 465
93 466
93 468
93 471
93 472
93 473
93 474
93 475
93 479
93 491
94 402
94 403
94 404
94 407
94 408
94 442
94 443
94 447
94 460
94 462
94 463
94 464
94 465
94 472
94 473
94 475
95 402
95 403
95 404
95 442
95 462
95 472
95 473
95 475
95 491
96 390
96 392
96 393
96 395
96 396
96 400
96 401
96 402
96 403
96 404
96 405
96 406
96 407
96 408
96 440
96 441
96 442
96 443
96 444
96 447
96 460
96 461
96 462
96 463
96 464
96 465
96 470
96 471
96 472
96 473
96 475
96 476
96 479
96 480
96 481
96 487
96 490
96 491
97 402
97 403
97 404
97 407
97 408
97 442
97 443
97 445
97 447
97 460
97 461
97 462
97 463
97 464
97 465
97 468
97 469
97 470
97 471
97 472
97 473
97 474
97 475
97 476
97 479
98 460
98 462
98 463
98 472
98 473
98 475
99 404
99 442
99 462
99 471
99 472
99 473
99 475
99 491
100 404
100 408
100 440
100 442
100 443
100 460
100 461
100 462
100 463
100 464
100 465
100 468
100 469
100 470
100 471
100 472
100 473
100 474
100 475
100 476
100 478
100 479
100 491
101 460
101 461
101 462
101 463
101 464
101 465
101 468
101 469
101 470
101 471
101 472
101 473
101 474
101 475
102 468
102 470
102 471
102 472
102 473
102 475
103 442
103 462
103 470
103 471
103 472
103 473
103 475
103 476
103 479
103 484
103 491
104 469
104 470
104 471
104 472
104 473
104 475
104 476
105 462
105 468
105 469
105 470
105 471
105 472
105 473
105 475
106 462
106 463
106 468
106 469
106 470
106 471
106 472
106 473
106 474
106 475
106 476
107 462
107 468
107 469
107 470
107 471
107 472
107 473
107 475
108 469
108 470
108 471
108 472
108 473
108 475
109 470
109 472
109 473
110 436
110 462
110 468
110 469
110 470
110 471
110 472
110 473
110 474
110 475
110 476
111 470
113 470
113 472
114 436
114 469
114 470
114 472
114 473
136 376
136 378
158 375
158 376
159 375
159 376
162 376
166 376
193 470
193 472
194 470
194 472
195 470
195 472
195 473
206 491
249 375
249 376
249 377
250 375
250 376
250 377
252 376
253 373
253 375
253 376
254 347
254 372
254 373
254 374
254 375
254 376
254 377
254 379
255 373
255 375
255 376
256 375
256 376
257 375
257 376
258 376
259 375
259 376
304 486
305 426
305 427
305 428
305 429
305 430
305 431
305 432
305 485
305 486
305 487
305 488
305 489
305 492
308 426
308 427
308 428
308 429
308 430
308 431
308 432
308 485
308 486
308 487
308 488
308 489
308 492
309 359
309 424
309 426
309 427
309 428
309 429
309 431
309 432
309 484
309 485
309 486
309 487
309 488
309 489
309 492
311 486
311 489
312 359
312 362
312 392
312 395
312 424
312 426
312 427
312 428
312 429
312 431
312 484
312 485
312 486
312 487
312 488
312 489
312 490
312 491
312 492
312 494
313 426
313 489
314 489
315 395
315 426
315 485
315 486
315 487
315 488
315 489
315 490
315 491
315 492
315 494
316 357
316 358
316 359
316 360
316 361
316 362
316 365
316 395
316 424
316 426
316 485
316 486
316 487
316 488
316 489
316 490
316 492
316 494
317 359
317 395
317 426
317 489
318 362
318 395
318 426
318 489
318 494
319 356
319 358
319 359
319 360
319 361
319 362
319 363
319 364
319 365
319 391
319 392
319 395
319 422
319 424
319 426
319 487
319 488
319 489
319 490
319 491
319 492
319 494
320 356
320 358
320 359
320 360
320 361
320 362
320 363
320 365
320 391
320 392
320 395
320 424
320 426
320 485
320 486
320 487
320 488
320 489
320 490
320 491
320 492
320 494
321 355
321 356
321 357
321 358
321 359
321 360
321 361
321 362
321 363
321 364
321 365
321 389
321 390
321 391
321 392
321 393
321 394
321 395
321 396
321 401
321 422
321 423
321 424
321 425
321 426
321 427
321 430
321 484
321 485
321 486
321 487
321 488
321 489
321 490
321 491
321 492
321 493
321 494
322 354
322 355
322 356
322 357
322 358
322 359
322 360
322 361
322 362
322 363
322 364
322 365
322 389
322 390
322 391
322 392
322 393
322 394
322 395
322 396
322 401
322 420
322 421
322 422
322 423
322 424
322 425
322 426
322 427
322 428
322 429
322 430
322 431
322 432
322 482
322 483
322 484
322 485
322 486
322 487
322 488
322 489
322 490
322 491
322 492
322 493
322 494
322 495
323 356
323 357
323 358
323 359
323 360
323 361
323 362
323 363
323 364
323 365
323 389
323 390
323 391
323 392
323 393
323 394
323 395
323 396
323 422
323 423
323 424
323 425
323 426
323 427
323 428
323 429
323 430
323 431
323 432
323 433
323 482
323 483
323 484
323 485
323 486
323 487
323 488
323 489
323 490
323 491
323 492
323 493
323 494
323 495
324 333
324 355
324 356
324 357
324 358
324 359
324 360
324 361
324 362
324 363
324 364
324 365
324 388
324 389
324 390
324 391
324 392
324 393
324 394
324 395
324 396
324 401
324 402
324 422
324 423
324 424
324 425
324 426
324 427
324 428
324 429
324 430
324 431
324 432
324 433
324 434
324 435
324 436
324 438
324 481
324 482
324 483
324 484
324 485
324 486
324 487
324 488
324 489
324 490
324 491
324 492
324 493
324 494
324 495
324 496
325 326
325 327
325 329
325 330
325 332
325 333
325 354
325 355
325 356
325 357
325 358
325 359
325 360
325 361
325 362
325 363
325 364
325 365
325 387
325 388
325 389
325 390
325 391
325 392
325 393
325 394
325 395
325 396
325 397
325 401
325 420
325 421
325 422
325 423
325 424
325 425
325 426
325 427
325 428
325 429
325 430
325 431
325 432
325 433
325 434
325 435
325 436
325 438
325 481
325 482
325 483
325 484
325 485
325 486
325 487
325 488
325 489
325 490
325 491
325 492
325 493
325 494
325 495
325 496
325 497
326 358
326 359
326 360
326 361
326 362
326 363
326 390
326 391
326 392
326 393
326 394
326 395
326 422
326 423
326 424
326 425
326 426
326 427
326 428
326 429
326 430
326 431
326 432
326 433
326 434
326 435
326 436
326 481
326 482
326 483
326 484
326 485
326 486
326 487
326 488
326 489
326 490
326 491
326 492
326 493
326 494
326 495
327 359
327 360
327 362
327 390
327 391
327 392
327 395
327 423
327 424
327 425
327 426
327 427
327 428
327 429
327 430
327 431
327 432
327 433
327 434
327 435
327 436
327 482
327 483
327 484
327 485
327 486
327 487
327 488
327 489
327 490
327 491
327 492
327 493
327 494
328 359
328 360
328 362
328 363
328 390
328 391
328 392
328 395
328 424
328 425
328 426
328 427
328 428
328 429
328 430
328 431
328 432
328 433
328 434
328 483
328 484
328 485
328 486
328 487
328 488
328 489
328 490
328 491
328 492
328 493
328 494
329 333
329 358
329 359
329 360
329 361
329 362
329 363
329 389
329 390
329 391
329 392
329 395
329 422
329 423
329 424
329 425
329 426
329 427
329 428
329 429
329 430
329 431
329 432
329 433
329 434
329 435
329 436
329 482
329 483
329 484
329 485
329 486
329 487
329 488
329 489
329 490
329 491
329 492
329 493
329 494
329 495
330 359
330 362
330 390
330 391
330 392
330 395
330 424
330 425
330 426
330 427
330 428
330 429
330 430
330 431
330 432
330 433
330 434
330 435
330 436
330 437
330 481
330 482
330 483
330 484
330 485
330 486
330 487
330 488
330 489
330 490
330 491
330 492
330 493
330 494
331 424
331 426
331 427
331 428
331 429
331 430
331 431
331 432
331 433
331 434
331 436
331 483
331 484
331 485
331 486
331 487
331 488
331 489
331 490
331 491
331 492
332 426
332 427
332 428
332 429
332 430
332 431
332 432
332 433
332 434
332 435
332 436
332 483
332 484
332 485
332 486
332 487
332 488
332 489
332 490
332 491
332 492
333 426
333 427
333 428
333 429
333 430
333 431
333 432
333 433
333 484
333 485
333 486
333 487
333 488
333 489
334 426
334 427
334 431
334 432
334 433
334 485
334 486
335 426
335 427
335 431
335 432
335 433
335 485
335 486
336 432
336 433
336 484
336 486
337 432
337 433
337 486
338 432
338 433
338 484
338 485
338 486
339 432
339 433
339 484
339 485
339 486
340 427
340 431
340 432
340 433
340 434
340 484
340 485
340 486
340 487
341 432
341 433
341 485
341 486
342 432
342 433
342 486
343 433
347 432
347 486
347 487
347 488
348 426
348 432
348 484
348 485
348 486
348 487
348 488
348 489
348 491
349 390
349 392
349 395
349 426
349 431
349 432
349 433
349 434
349 435
349 436
349 482
349 484
349 485
349 486
349 487
349 488
349 489
349 490
349 491
349 492
350 390
350 392
350 395
350 426
350 431
350 432
350 433
350 434
350 435
350 436
350 479
350 480
350 481
350 482
350 483
350 484
350 485
350 486
350 487
350 488
350 489
350 490
350 491
350 492
350 493
351 390
351 391
351 392
351 393
351 395
351 404
351 426
351 427
351 428
351 429
351 430
351 431
351 432
351 433
351 434
351 435
351 436
351 437
351 438
351 439
351 440
351 442
351 479
351 480
351 481
351 482
351 483
351 484
351 485
351 486
351 487
351 488
351 489
351 490
351 491
351 492
351 493
352 389
352 390
352 391
352 392
352 393
352 394
352 395
352 396
352 402
352 404
352 424
352 426
352 427
352 428
352 429
352 430
352 431
352 432
352 433
352 434
352 435
352 436
352 437
352 438
352 440
352 442
352 479
352 480
352 481
352 482
352 483
352 484
352 485
352 486
352 487
352 488
352 489
352 490
352 491
352 492
352 493
352 494
353 333
353 335
353 336
353 337
353 338
353 362
353 363
353 388
353 389
353 390
353 391
353 392
353 393
353 394
353 395
353 396
353 397
353 401
353 402
353 403
353 404
353 405
353 406
353 408
353 409
353 423
353 424
353 425
353 426
353 427
353 428
353 429
353 430
353 431
353 432
353 433
353 434
353 435
353 436
353 437
353 438
353 439
353 440
353 441
353 442
353 443
353 460
353 470
353 475
353 476
353 477
353 478
353 479
353 480
353 481
353 482
353 483
353 484
353 485
353 486
353 487
353 488
353 489
353 490
353 491
353 492
353 493
353 494
353 495
354 362
354 363
354 389
354 390
354 391
354 392
354 393
354 394
354 395
354 396
354 402
354 403
354 404
354 405
354 423
354 424
354 425
354 426
354 427
354 428
354 429
354 430
354 431
354 432
354 433
354 434
354 435
354 436
354 437
354 438
354 440
354 442
354 479
354 480
354 481
354 482
354 483
354 484
354 485
354 486
354 487
354 488
354 489
354 490
354 491
354 492
354 493
354 494
355 389
355 390
355 391
355 392
355 393
355 394
355 395
355 396
355 404
355 424
355 425
355 426
355 427
355 428
355 429
355 430
355 431
355 432
355 433
355 434
355 435
355 436
355 437
355 438
355 440
355 442
355 479
355 480
355 481
355 482
355 483
355 484
355 485
355 486
355 487
355 488
355 489
355 490
355 491
355 492
355 493
355 494
356 390
356 391
356 392
356 393
356 394
356 395
356 396
356 402
356 404
356 424
356 426
356 427
356 428
356 429
356 430
356 431
356 432
356 433
356 434
356 435
356 436
356 481
356 482
356 483
356 484
356 485
356 486
356 487
356 488
356 489
356 490
356 491
356 492
356 493
356 494
357 390
357 391
357 392
357 395
357 424
357 425
357 426
357 427
357 428
357 429
357 430
357 431
357 432
357 433
357 434
357 435
357 436
357 437
357 480
357 481
357 482
357 483
357 484
357 485
357 486
357 487
357 488
357 489
357 490
357 491
357 492
357 493
357 494
358 426
358 427
358 428
358 429
358 430
358 431
358 432
358 433
358 434
358 484
358 485
358 486
358 487
358 488
358 489
358 490
358 491
358 492
359 426
359 431
359 432
359 433
359 484
359 485
359 486
359 487
359 488
360 426
360 431
360 432
360 485
360 486
360 487
360 488
375 426
375 486
375 487
375 488
375 489
375 491
376 392
376 395
376 426
376 485
376 486
376 487
376 488
376 489
376 490
376 491
376 492
377 392
377 395
377 486
377 487
377 488
377 489
377 490
377 491
378 392
378 395
378 426
378 485
378 486
378 487
378 488
378 489
378 490
378 491
378 492
379 390
379 391
379 392
379 395
379 424
379 426
379 427
379 431
379 432
379 484
379 485
379 486
379 487
379 488
379 489
379 490
379 491
379 492
379 494
380 362
380 363
380 365
380 390
380 391
380 392
380 395
380 396
380 424
380 426
380 484
380 485
380 486
380 487
380 488
380 489
380 490
380 491
380 492
380 494
381 390
381 391
381 392
381 393
381 395
381 396
381 426
381 485
381 486
381 487
381 488
381 489
381 490
381 491
381 492
381 494
382 362
382 389
382 390
382 391
382 392
382 393
382 394
382 395
382 396
382 402
382 404
382 424
382 426
382 432
382 436
382 440
382 481
382 482
382 483
382 484
382 485
382 486
382 487
382 488
382 489
382 490
382 491
382 492
382 493
382 494
383 359
383 362
383 363
383 365
383 389
383 390
383 391
383 392
383 393
383 394
383 395
383 396
383 397
383 401
383 402
383 404
383 422
383 423
383 424
383 425
383 426
383 427
383 428
383 430
383 431
383 432
383 433
383 434
383 436
383 481
383 482
383 483
383 484
383 485
383 486
383 487
383 488
383 489
383 490
383 491
383 492
383 493
383 494
384 362
384 363
384 365
384 367
384 390
384 391
384 392
384 393
384 394
384 395
384 396
384 397
384 398
384 401
384 402
384 403
384 404
384 424
384 426
384 442
384 484
384 485
384 486
384 487
384 488
384 489
384 490
384 491
384 492
384 493
384 494
385 362
385 363
385 365
385 367
385 389
385 390
385 391
385 392
385 393
385 394
385 395
385 396
385 397
385 398
385 400
385 401
385 402
385 403
385 404
385 405
385 406
385 407
385 424
385 426
385 440
385 442
385 479
385 480
385 481
385 482
385 483
385 484
385 485
385 486
385 487
385 488
385 489
385 490
385 491
385 492
385 493
385 494
386 362
386 363
386 365
386 367
386 389
386 390
386 391
386 392
386 393
386 394
386 395
386 396
386 397
386 398
386 399
386 400
386 401
386 402
386 403
386 404
386 405
386 406
386 407
386 420
386 422
386 424
386 426
386 430
386 431
386 433
386 434
386 435
386 436
386 440
386 442
386 479
386 480
386 481
386 482
386 483
386 484
386 485
386 486
386 487
386 488
386 489
386 490
386 491
386 492
386 493
386 494
386 496
387 336
387 337
387 362
387 363
387 365
387 367
387 387
387 388
387 389
387 390
387 391
387 392
387 393
387 394
387 395
387 396
387 397
387 398
387 399
387 400
387 401
387 402
387 403
387 404
387 405
387 406
387 407
387 408
387 409
387 410
387 412
387 420
387 422
387 423
387 424
387 425
387 426
387 429
387 430
387 434
387 435
387 436
387 438
387 439
387 440
387 441
387 442
387 443
387 447
387 478
387 479
387 480
387 481
387 482
387 483
387 484
387 485
387 486
387 487
387 488
387 489
387 490
387 491
387 492
387 493
387 494
387 495
387 496
388 337
388 363
388 365
388 367
388 388
388 389
388 390
388 391
388 392
388 393
388 394
388 395
388 396
388 397
388 398
388 399
388 400
388 401
388 402
388 403
388 404
388 405
388 406
388 407
388 408
388 409
388 410
388 411
388 424
388 426
388 435
388 436
388 438
388 439
388 440
388 441
388 442
388 443
388 447
388 475
388 478
388 479
388 480
388 481
388 482
388 483
388 484
388 485
388 486
388 487
388 488
388 489
388 490
388 491
388 492
388 493
388 494
388 496
389 337
389 389
389 390
389 391
389 392
389 393
389 394
389 395
389 396
389 397
389 398
389 400
389 401
389 402
389 403
389 404
389 405
389 406
389 407
389 408
389 409
389 436
389 438
389 439
389 440
389 441
389 442
389 443
389 444
389 447
389 460
389 462
389 463
389 464
389 473
389 475
389 476
389 477
389 478
389 479
389 480
389 481
389 482
389 483
389 484
389 486
389 487
389 488
389 489
389 490
389 491
389 492
389 493
389 494
390 389
390 390
390 391
390 392
390 393
390 394
390 395
390 396
390 401
390 402
390 403
390 404
390 405
390 406
390 407
390 408
390 431
390 432
390 433
390 434
390 435
390 436
390 437
390 438
390 439
390 440
390 441
390 442
390 443
390 460
390 462
390 470
390 471
390 472
390 473
390 475
390 476
390 477
390 478
390 479
390 480
390 481
390 482
390 483
390 484
390 485
390 486
390 487
390 488
390 489
390 490
390 491
390 492
391 390
391 392
391 393
391 395
391 396
391 402
391 403
391 404
391 408
391 436
391 440
391 442
391 443
391 460
391 461
391 462
391 463
391 464
391 470
391 471
391 472
391 473
391 474
391 475
391 479
391 480
391 481
391 482
391 484
391 487
391 488
391 490
391 491
392 390
392 391
392 392
392 393
392 394
392 395
392 396
392 400
392 401
392 402
392 403
392 404
392 405
392 406
392 407
392 408
392 440
392 441
392 442
392 443
392 447
392 460
392 475
392 479
392 480
392 481
392 486
392 487
392 488
392 489
392 490
392 491
392 492
393 337
393 388
393 389
393 390
393 391
393 392
393 393
393 394
393 395
393 396
393 397
393 401
393 402
393 403
393 404
393 405
393 406
393 407
393 408
393 409
393 424
393 426
393 429
393 430
393 431
393 432
393 433
393 434
393 435
393 436
393 437
393 438
393 439
393 440
393 441
393 442
393 443
393 460
393 475
393 477
393 478
393 479
393 480
393 481
393 482
393 483
393 484
393 485
393 486
393 487
393 488
393 489
393 490
393 491
393 492
393 493
393 494
394 390
394 392
394 393
394 395
394 396
394 404
394 426
394 436
394 442
394 479
394 480
394 482
394 484
394 485
394 486
394 487
394 488
394 489
394 490
394 491
394 492
395 390
395 392
395 395
395 396
395 486
395 487
395 488
395 489
395 490
395 491
396 392
396 395
396 491
397 491
398 491
401 392
401 395
401 486
401 487
401 488
401 489
401 490
401 491
404 395
404 488
404 489
404 491
408 395
408 489
471 376
472 376
475 376
482 376
490 376
491 375
491 376
492 374
492 375
492 376
493 347
493 378
493 380
548 356
548 357
548 359
548 362
548 365
548 395
548 489
549 365
551 365
551 392
551 395
551 488
551 489
551 490
551 491
552 356
552 358
552 359
552 361
552 362
552 363
552 364
552 365
552 367
552 391
552 392
552 395
552 396
552 401
552 488
552 489
552 490
552 491
552 492
552 494
553 395
553 489
554 392
554 395
554 396
554 489
554 491
555 356
555 361
555 362
555 363
555 364
555 365
555 367
555 390
555 391
555 392
555 393
555 394
555 395
555 396
555 397
555 398
555 400
555 401
555 402
555 403
555 422
555 424
555 426
555 485
555 486
555 487
555 488
555 489
555 490
555 491
555 492
555 494
556 363
556 365
556 367
556 391
556 392
556 393
556 394
556 395
556 396
556 398
556 399
556 400
556 401
556 402
556 489
556 490
556 491
557 392
557 395
557 396
557 401
557 489
557 491
558 390
558 391
558 392
558 393
558 395
558 396
558 401
558 486
558 487
558 488
558 489
558 490
558 491
558 492
558 494
559 361
559 362
559 363
559 364
559 365
559 366
559 367
559 389
559 390
559 391
559 392
559 393
559 394
559 395
559 396
559 397
559 398
559 399
559 400
559 401
559 402
559 403
559 404
559 405
559 406
559 407
559 411
559 420
559 422
559 424
559 426
559 440
559 442
559 481
559 483
559 484
559 485
559 486
559 487
559 488
559 489
559 490
559 491
559 492
559 493
559 494
560 390
560 392
560 393
560 394
560 395
560 396
560 399
560 400
560 401
560 402
560 403
560 404
560 442
560 487
560 488
560 489
560 490
560 491
561 390
561 392
561 393
561 395
561 396
561 401
561 402
561 404
561 487
561 488
561 489
561 490
561 491
562 390
562 392
562 393
562 395
562 396
562 401
562 402
562 403
562 404
562 442
562 487
562 489
562 490
562 491
563 390
563 391
563 392
563 393
563 394
563 395
563 396
563 399
563 400
563 401
563 402
563 403
563 404
563 405
563 406
563 407
563 408
563 440
563 442
563 447
563 489
563 490
563 491
564 390
564 391
564 392
564 393
564 394
564 395
564 396
564 397
564 398
564 399
564 400
564 401
564 402
564 403
564 404
564 405
564 406
564 407
564 442
564 447
564 490
564 491
565 395
565 401
565 402
565 403
566 395
566 491
568 395
568 396
568 401
568 402
569 395
572 395
572 401
573 395
600 373
600 376
600 377
601 373
601 375
601 376
601 377
601 378
603 378
606 376
607 375
607 376
608 374
608 375
608 376
609 347
609 373
609 374
609 375
609 376
609 377
609 378
610 346
610 347
610 349
610 374
610 375
610 376
610 377
610 378
610 380
611 374
611 375
611 376
611 377
611 378
612 346
612 347
612 349
612 375
612 376
612 377
612 378
613 323
613 344
613 345
613 346
613 347
613 348
613 349
613 350
613 372
613 373
613 374
613 375
613 376
613 377
613 378
613 379
613 380
613 381
613 382
613 383
613 502
614 323
614 344
614 346
614 347
614 348
614 349
614 373
614 374
614 375
614 376
614 377
614 378
614 379
614 380
614 381
615 323
615 324
615 325
615 344
615 345
615 346
615 347
615 348
615 349
615 350
615 351
615 372
615 373
615 374
615 375
615 376
615 377
615 378
615 379
615 380
615 381
615 383
615 501
615 502
