21 408
21 445
21 447
21 460
21 461
21 462
21 463
21 464
21 465
21 466
21 468
21 470
21 471
21 472
21 473
21 474
21 475
22 402
22 403
22 404
22 407
22 408
22 442
22 443
22 444
22 445
22 447
22 460
22 461
22 462
22 463
22 464
22 465
22 472
22 473
22 475
23 401
23 402
23 403
23 404
23 406
23 407
23 408
23 411
23 442
23 443
23 444
23 445
23 446
23 447
23 448
23 449
23 458
23 459
23 460
23 461
23 462
23 463
23 464
23 465
23 466
23 467
23 468
23 472
23 473
23 474
23 475
23 477
24 402
24 403
24 404
24 407
24 408
24 442
24 443
24 444
24 445
24 446
24 447
24 459
24 460
24 461
24 462
24 463
24 464
24 465
24 466
24 467
24 468
24 469
24 470
24 471
24 472
24 473
24 474
24 475
24 476
25 402
25 403
25 404
25 407
25 408
25 442
25 443
25 445
25 447
25 460
25 461
25 462
25 463
25 464
25 465
25 468
25 471
25 472
25 473
25 474
25 475
26 390
26 393
26 395
26 396
26 401
26 402
26 403
26 404
26 405
26 406
26 407
26 408
26 440
26 441
26 442
26 443
26 444
26 445
26 446
26 447
26 460
26 461
26 462
26 463
26 464
26 465
26 466
26 471
26 472
26 473
26 474
26 475
26 476
26 477
26 479
27 396
27 401
27 402
27 403
27 404
27 405
27 406
27 407
27 408
27 409
27 440
27 441
27 442
27 443
27 444
27 445
27 446
27 447
27 448
27 458
27 459
27 460
27 461
27 462
27 463
27 464
27 465
27 466
27 467
27 469
27 470
27 471
27 472
27 473
27 474
27 475
27 476
27 477
27 478
27 479
28 402
28 403
28 404
28 407
28 408
28 440
28 442
28 443
28 444
28 445
28 447
28 460
28 461
28 462
28 463
28 464
28 465
28 467
28 468
28 469
28 470
28 471
28 472
28 473
28 474
28 475
28 476
28 477
28 478
28 479
29 390
29 403
29 404
29 408
29 440
29 442
29 443
29 460
29 461
29 462
29 463
29 464
29 470
29 471
29 472
29 473
29 474
29 475
29 476
29 479
29 491
30 390
30 392
30 393
30 395
30 396
30 401
30 402
30 403
30 404
30 405
30 406
30 407
30 408
30 409
30 440
30 441
30 442
30 443
30 444
30 445
30 446
30 447
30 460
30 461
30 462
30 463
30 464
30 465
30 470
30 471
30 472
30 473
30 474
30 475
30 476
30 477
30 478
30 479
30 480
30 481
30 491
31 390
31 396
31 402
31 403
31 404
31 405
31 407
31 408
31 409
31 435
31 436
31 437
31 438
31 439
31 440
31 441
31 442
31 443
31 444
31 445
31 446
31 447
31 456
31 457
31 458
31 459
31 460
31 461
31 462
31 463
31 464
31 465
31 467
31 468
31 469
31 470
31 471
31 472
31 473
31 474
31 475
31 476
31 477
31 478
31 479
31 480
31 481
31 482
31 491
32 390
32 403
32 404
32 408
32 435
32 436
32 440
32 441
32 442
32 443
32 460
32 461
32 462
32 463
32 464
32 469
32 470
32 471
32 472
32 473
32 474
32 475
32 476
32 477
32 478
32 479
32 480
32 491
33 390
33 392
33 393
33 395
33 396
33 402
33 403
33 404
33 405
33 408
33 435
33 436
33 440
33 441
33 442
33 443
33 460
33 462
33 470
33 471
33 472
33 473
33 475
33 476
33 478
33 479
33 480
33 481
33 482
33 484
33 487
33 491
34 336
34 337
34 389
34 390
34 391
34 392
34 393
34 395
34 396
34 401
34 402
34 403
34 404
34 405
34 406
34 407
34 408
34 409
34 431
34 433
34 434
34 435
34 436
34 437
34 438
34 439
34 440
34 441
34 442
34 443
34 444
34 447
34 460
34 462
34 470
34 471
34 474
34 475
34 476
34 477
34 478
34 479
34 480
34 481
34 482
34 483
34 484
34 486
34 487
34 488
34 490
34 491
34 492
35 390
35 393
35 403
35 404
35 405
35 408
35 409
35 431
35 432
35 433
35 434
35 435
35 436
35 437
35 438
35 439
35 440
35 441
35 442
35 443
35 457
35 459
35 460
35 461
35 462
35 463
35 468
35 469
35 470
35 471
35 472
35 473
35 474
35 475
35 476
35 477
35 478
35 479
35 480
35 481
35 482
35 483
35 484
35 487
35 491
36 390
36 433
36 435
36 436
36 440
36 442
36 443
36 470
36 471
36 475
36 476
36 478
36 479
36 480
36 481
36 482
36 484
36 486
36 487
36 491
37 390
37 391
37 392
37 393
37 395
37 402
37 404
37 405
37 431
37 432
37 433
37 434
37 435
37 436
37 437
37 438
37 439
37 440
37 442
37 475
37 478
37 479
37 480
37 481
37 482
37 483
37 484
37 485
37 486
37 487
37 488
37 489
37 490
37 491
37 492
38 390
38 392
38 393
38 404
38 405
38 429
38 430
38 431
38 432
38 433
38 434
38 435
38 436
38 437
38 438
38 439
38 440
38 441
38 442
38 470
38 475
38 476
38 477
38 478
38 479
38 480
38 481
38 482
38 483
38 484
38 485
38 486
38 487
38 488
38 490
38 491
38 492
38 493
39 390
39 431
39 432
39 433
39 434
39 435
39 436
39 437
39 439
39 440
39 442
39 470
39 472
39 475
39 476
39 478
39 479
39 480
39 481
39 482
39 483
39 484
39 486
39 487
39 491
40 390
40 431
40 432
40 433
40 434
40 435
40 436
40 479
40 480
40 482
40 484
40 486
40 487
40 491
41 390
41 426
41 427
41 428
41 429
41 430
41 431
41 432
41 433
41 434
41 435
41 436
41 437
41 479
41 480
41 481
41 482
41 483
41 484
41 485
41 486
41 487
41 488
41 489
41 490
41 491
41 492
41 493
42 390
42 428
42 429
42 430
42 431
42 432
42 433
42 434
42 435
42 436
42 437
42 438
42 439
42 440
42 442
42 479
42 480
42 481
42 482
42 483
42 484
42 485
42 486
42 487
42 488
42 491
42 492
43 431
43 432
43 433
43 434
43 435
43 436
43 480
43 484
43 486
43 487
44 432
44 433
44 434
44 435
44 436
44 484
44 486
44 487
45 426
45 430
45 431
45 432
45 433
45 434
45 435
45 436
45 437
45 480
45 481
45 482
45 483
45 484
45 485
45 486
45 487
45 488
45 491
45 492
46 431
46 432
46 433
46 434
46 435
46 436
46 484
46 485
46 486
46 487
47 432
47 433
47 436
47 484
48 431
48 432
48 433
48 434
48 436
48 484
48 485
48 486
48 487
49 431
49 432
49 433
49 434
49 435
49 436
49 484
49 485
49 486
49 487
50 432
50 433
50 484
52 432
52 433
52 484
52 486
53 432
53 433
53 486
54 432
55 432
55 433
55 486
56 431
56 432
56 433
57 431
57 432
57 433
57 434
57 435
57 436
57 484
57 485
57 486
58 431
58 432
58 433
58 434
58 435
58 436
58 484
58 486
59 433
60 432
60 433
60 435
60 436
60 484
61 430
61 431
61 432
61 433
61 434
61 435
61 436
61 480
61 484
61 485
61 486
62 432
62 433
62 434
62 435
62 436
62 484
63 433
63 436
64 431
64 432
64 433
64 434
64 435
64 436
64 437
64 480
64 484
65 431
65 432
65 433
65 434
65 435
65 436
65 484
66 433
66 436
67 436
68 431
68 432
68 433
68 434
68 435
68 436
68 437
68 438
68 439
68 440
68 442
68 469
68 470
68 471
68 472
68 473
68 475
68 476
68 478
68 479
68 480
68 481
68 482
68 484
69 433
69 435
69 436
69 470
69 475
69 479
69 480
69 484
70 470
70 472
71 442
71 469
71 470
71 471
71 472
71 473
71 475
71 476
72 435
72 436
72 439
72 440
72 442
72 443
72 460
72 462
72 468
72 469
72 470
72 471
72 472
72 473
72 474
72 475
72 476
72 478
72 479
72 480
73 442
73 462
73 470
73 471
73 472
73 473
73 475
74 462
74 469
74 470
74 471
74 472
74 473
74 475
74 476
75 442
75 443
75 459
75 460
75 461
75 462
75 463
75 465
75 467
75 468
75 469
75 470
75 471
75 472
75 473
75 474
75 475
75 476
75 477
75 478
75 479
75 480
76 442
76 443
76 460
76 461
76 462
76 463
76 464
76 467
76 468
76 469
76 470
76 471
76 472
76 473
76 474
76 475
76 476
76 477
76 478
76 479
76 480
77 462
77 470
77 471
77 472
77 473
77 475
78 462
78 463
78 468
78 469
78 470
78 471
78 472
78 473
78 474
78 475
78 476
79 442
79 443
79 459
79 460
79 461
79 462
79 463
79 464
79 465
79 466
79 467
79 468
79 469
79 470
79 471
79 472
79 473
79 474
79 475
79 476
79 477
79 479
80 460
80 462
80 463
80 468
80 469
80 470
80 471
80 472
80 473
80 474
80 475
81 462
81 463
81 468
81 470
81 471
81 472
81 473
81 475
82 460
82 461
82 462
82 463
82 464
82 465
82 466
82 467
82 468
82 469
82 470
82 471
82 472
82 473
82 474
82 475
82 476
83 408
83 442
83 443
83 460
83 461
83 462
83 463
83 464
83 465
83 466
83 467
83 468
83 469
83 470
83 471
83 472
83 473
83 474
83 475
83 476
84 462
84 463
84 464
84 465
84 468
84 471
84 472
84 473
84 475
85 472
85 473
86 472
87 462
87 463
87 464
87 465
87 472
87 473
88 462
88 463
88 464
88 472
88 473
88 475
90 402
90 403
90 404
90 408
90 447
92 402
92 404
92 442
93 402
93 403
93 404
93 407
93 442
93 443
93 447
93 462
93 463
93 473
93 475
96 402
96 403
96 404
96 442
96 443
96 475
96 491
97 460
97 462
97 463
97 472
97 473
97 475
100 462
100 470
100 471
100 472
100 473
100 475
101 472
101 473
102 472
106 470
106 471
106 472
106 473
107 470
107 472
110 470
110 472
110 473
254 376
312 426
312 489
316 489
319 395
319 489
320 395
320 426
320 489
321 362
321 392
321 395
321 424
321 426
321 486
321 487
321 488
321 489
321 490
321 491
321 492
321 494
322 358
322 359
322 360
322 361
322 362
322 363
322 392
322 395
322 424
322 426
322 427
322 485
322 486
322 487
322 488
322 489
322 490
322 491
322 492
322 494
323 359
323 362
323 392
323 395
323 424
323 426
323 427
323 485
323 486
323 487
323 488
323 489
323 490
323 491
323 492
323 494
324 359
324 360
324 361
324 362
324 390
324 391
324 392
324 395
324 423
324 424
324 425
324 426
324 427
324 428
324 430
324 431
324 432
324 483
324 484
324 485
324 486
324 487
324 488
324 489
324 490
324 491
324 492
324 493
324 494
325 358
325 359
325 360
325 361
325 362
325 363
325 390
325 391
325 392
325 393
325 394
325 395
325 422
325 423
325 424
325 425
325 426
325 427
325 428
325 429
325 430
325 431
325 432
325 433
325 483
325 484
325 485
325 486
325 487
325 488
325 489
325 490
325 491
325 492
325 493
325 494
325 495
326 392
326 424
326 426
326 427
326 428
326 429
326 430
326 431
326 432
326 433
326 483
326 484
326 485
326 486
326 487
326 488
326 489
326 490
326 491
326 492
326 493
326 494
327 424
327 426
327 427
327 428
327 429
327 431
327 432
327 484
327 485
327 486
327 487
327 488
327 489
327 490
327 491
327 492
328 426
328 427
328 428
328 429
328 430
328 431
328 432
328 485
328 486
328 487
328 488
328 489
328 490
328 492
329 362
329 424
329 425
329 426
329 427
329 428
329 429
329 430
329 431
329 432
329 433
329 434
329 483
329 484
329 485
329 486
329 487
329 488
329 489
329 490
329 491
329 492
329 493
329 494
330 424
330 426
330 427
330 428
330 429
330 430
330 431
330 432
330 433
330 434
330 436
330 483
330 484
330 485
330 486
330 487
330 488
330 489
330 490
330 491
330 492
331 426
331 427
331 430
331 431
331 432
331 484
331 485
331 486
331 487
331 488
332 426
332 430
332 431
332 432
332 433
332 484
332 485
332 486
332 487
333 431
340 432
340 433
349 486
349 487
350 484
350 486
350 487
350 488
350 489
350 491
351 390
351 426
351 431
351 432
351 433
351 434
351 436
351 481
351 482
351 483
351 484
351 485
351 486
351 487
351 488
351 489
351 491
352 390
352 392
352 426
352 431
352 432
352 433
352 434
352 435
352 436
352 481
352 482
352 483
352 484
352 485
352 486
352 487
352 488
352 489
352 490
352 491
352 492
353 389
353 390
353 391
353 392
353 393
353 395
353 404
353 405
353 424
353 426
353 428
353 429
353 430
353 431
353 432
353 433
353 434
353 435
353 436
353 437
353 438
353 439
353 440
353 442
353 479
353 480
353 481
353 482
353 483
353 484
353 485
353 486
353 487
353 488
353 489
353 490
353 491
353 492
353 493
353 494
354 390
354 391
354 392
354 393
354 395
354 424
354 426
354 427
354 428
354 430
354 431
354 432
354 433
354 434
354 436
354 481
354 482
354 483
354 484
354 485
354 486
354 487
354 488
354 489
354 490
354 491
354 492
354 494
355 390
355 392
355 426
355 427
355 428
355 430
355 431
355 432
355 433
355 434
355 435
355 436
355 481
355 482
355 483
355 484
355 485
355 486
355 487
355 488
355 489
355 490
355 491
355 492
355 493
356 390
356 392
356 395
356 426
356 431
356 432
356 433
356 484
356 485
356 486
356 487
356 488
356 489
356 490
356 491
356 492
357 426
357 427
357 428
357 430
357 431
357 432
357 433
357 434
357 435
357 436
357 482
357 483
357 484
357 485
357 486
357 487
357 488
357 489
357 490
357 491
357 492
358 426
358 486
376 489
378 488
379 395
379 426
379 486
379 487
379 488
379 489
379 490
379 491
380 392
380 395
380 426
380 486
380 487
380 488
380 489
380 490
380 491
381 392
381 395
381 487
381 488
381 489
381 490
381 491
382 390
382 391
382 392
382 395
382 486
382 487
382 488
382 489
382 490
382 491
382 492
383 390
383 391
383 392
383 393
383 395
383 396
383 424
383 426
383 484
383 485
383 486
383 487
383 488
383 489
383 490
383 491
383 492
383 494
384 390
384 391
384 392
384 395
384 396
384 486
384 487
384 488
384 489
384 490
384 491
385 390
385 391
385 392
385 393
385 395
385 396
385 486
385 487
385 488
385 489
385 490
385 491
385 492
385 494
386 390
386 391
386 392
386 393
386 394
386 395
386 396
386 401
386 402
386 404
386 442
386 481
386 484
386 486
386 487
386 488
386 489
386 490
386 491
386 492
386 494
387 389
387 390
387 391
387 392
387 393
387 394
387 395
387 396
387 397
387 401
387 402
387 403
387 404
387 405
387 440
387 442
387 479
387 480
387 481
387 482
387 483
387 486
387 487
387 488
387 489
387 490
387 491
387 492
387 493
387 494
388 390
388 391
388 392
388 393
388 394
388 395
388 396
388 397
388 401
388 402
388 403
388 404
388 405
388 440
388 442
388 480
388 481
388 482
388 487
388 488
388 489
388 490
388 491
388 492
389 390
389 392
389 393
389 395
389 396
389 402
389 403
389 404
389 405
389 440
389 442
389 479
389 480
389 481
389 487
389 490
389 491
390 390
390 392
390 393
390 395
390 404
390 440
390 442
390 479
390 480
390 484
390 487
390 491
391 390
391 404
391 442
391 475
391 491
392 390
392 392
392 393
392 395
392 396
392 402
392 403
392 404
392 442
392 491
393 390
393 391
393 392
393 393
393 395
393 396
393 402
393 404
393 436
393 440
393 442
393 479
393 480
393 481
393 482
393 483
393 484
393 486
393 487
393 488
393 489
393 490
393 491
393 492
394 488
394 491
395 491
552 395
552 489
555 365
555 392
555 395
555 396
555 487
555 488
555 489
555 490
555 491
556 395
558 392
558 395
558 489
558 491
559 365
559 390
559 391
559 392
559 393
559 395
559 396
559 400
559 401
559 402
559 487
559 488
559 489
559 490
559 491
559 494
560 395
560 396
562 491
563 392
563 395
563 396
563 402
563 491
564 395
564 396
564 401
564 402
609 375
609 376
613 346
613 347
613 374
613 375
613 376
613 377
613 378
614 347
614 375
614 376
614 377
615 346
615 347
615 348
615 349
615 373
615 374
615 375
615 376
615 377
615 378
615 379
615 380
