21 421
21 458
21 460
21 473
21 474
21 475
21 476
21 477
21 478
21 479
21 481
21 484
21 485
21 486
21 487
21 488
21 489
22 415
22 416
22 417
22 420
22 421
22 455
22 456
22 457
22 458
22 460
22 473
22 474
22 475
22 476
22 477
22 478
22 486
22 487
22 489
23 414
23 415
23 416
23 417
23 419
23 420
23 421
23 424
23 455
23 456
23 457
23 458
23 459
23 460
23 461
23 462
23 471
23 472
23 473
23 474
23 475
23 476
23 477
23 478
23 479
23 480
23 481
23 486
23 487
23 488
23 489
23 491
24 415
24 416
24 417
24 420
24 421
24 455
24 456
24 457
24 458
24 459
24 460
24 472
24 473
24 474
24 475
24 476
24 477
24 478
24 479
24 480
24 481
24 482
24 484
24 485
24 486
24 487
24 488
24 489
24 490
25 415
25 416
25 417
25 420
25 421
25 455
25 456
25 458
25 460
25 473
25 474
25 475
25 476
25 477
25 478
25 481
25 485
25 486
25 487
25 488
25 489
26 403
26 406
26 408
26 409
26 414
26 415
26 416
26 417
26 418
26 419
26 420
26 421
26 453
26 454
26 455
26 456
26 457
26 458
26 459
26 460
26 473
26 474
26 475
26 476
26 477
26 478
26 479
26 485
26 486
26 487
26 488
26 489
26 490
26 491
26 493
27 409
27 414
27 415
27 416
27 417
27 418
27 419
27 420
27 421
27 422
27 453
27 454
27 455
27 456
27 457
27 458
27 459
27 460
27 461
27 471
27 472
27 473
27 474
27 475
27 476
27 477
27 478
27 479
27 480
27 482
27 484
27 485
27 486
27 487
27 488
27 489
27 490
27 491
27 492
27 493
28 415
28 416
28 417
28 420
28 421
28 453
28 455
28 456
28 457
28 458
28 460
28 473
28 474
28 475
28 476
28 477
28 478
28 480
28 481
28 482
28 484
28 485
28 486
28 487
28 488
28 489
28 490
28 491
28 492
28 493
29 403
29 416
29 417
29 421
29 453
29 455
29 456
29 473
29 474
29 475
29 476
29 477
29 484
29 485
29 486
29 487
29 488
29 489
29 490
29 493
29 505
30 403
30 405
30 406
30 408
30 409
30 414
30 415
30 416
30 417
30 418
30 419
30 420
30 421
30 422
30 453
30 454
30 455
30 456
30 457
30 458
30 459
30 460
30 473
30 474
30 475
30 476
30 477
30 478
30 484
30 485
30 486
30 487
30 488
30 489
30 490
30 491
30 492
30 493
30 494
30 495
30 505
31 403
31 409
31 415
31 416
31 417
31 418
31 420
31 421
31 422
31 448
31 449
31 450
31 451
31 452
31 453
31 454
31 455
31 456
31 457
31 458
31 459
31 460
31 469
31 470
31 471
31 472
31 473
31 474
31 475
31 476
31 477
31 478
31 480
31 481
31 482
31 484
31 485
31 486
31 487
31 488
31 489
31 490
31 491
31 492
31 493
31 494
31 495
31 496
31 505
32 403
32 416
32 417
32 421
32 448
32 449
32 453
32 454
32 455
32 456
32 473
32 474
32 475
32 476
32 477
32 482
32 484
32 485
32 486
32 487
32 488
32 489
32 490
32 491
32 492
32 493
32 494
32 505
33 403
33 405
33 406
33 408
33 409
33 415
33 416
33 417
33 418
33 421
33 448
33 449
33 453
33 454
33 455
33 456
33 473
33 475
33 484
33 485
33 486
33 487
33 489
33 490
33 492
33 493
33 494
33 495
33 496
33 498
33 501
33 505
34 349
34 350
34 402
34 403
34 404
34 405
34 406
34 408
34 409
34 414
34 415
34 416
34 417
34 418
34 419
34 420
34 421
34 422
34 444
34 446
34 447
34 448
34 449
34 450
34 451
34 452
34 453
34 454
34 455
34 456
34 457
34 460
34 473
34 475
34 484
34 485
34 488
34 489
34 490
34 491
34 492
34 493
34 494
34 495
34 496
34 497
34 498
34 500
34 501
34 502
34 504
34 505
34 506
35 403
35 406
35 416
35 417
35 418
35 421
35 422
35 444
35 445
35 446
35 447
35 448
35 449
35 450
35 451
35 452
35 453
35 454
35 455
35 456
35 470
35 472
35 473
35 474
35 475
35 476
35 481
35 482
35 484
35 485
35 486
35 487
35 488
35 489
35 490
35 491
35 492
35 493
35 494
35 495
35 496
35 497
35 498
35 501
35 505
36 403
36 446
36 448
36 449
36 453
36 455
36 456
36 484
36 485
36 489
36 490
36 492
36 493
36 494
36 495
36 496
36 498
36 500
36 501
36 505
37 403
37 404
37 405
37 406
37 408
37 415
37 417
37 418
37 444
37 445
37 446
37 447
37 448
37 449
37 450
37 451
37 452
37 453
37 455
37 489
37 492
37 493
37 494
37 495
37 496
37 497
37 498
37 499
37 500
37 501
37 502
37 503
37 504
37 505
37 506
38 403
38 405
38 406
38 417
38 418
38 442
38 443
38 444
38 445
38 446
38 447
38 448
38 449
38 450
38 451
38 452
38 453
38 454
38 455
38 484
38 489
38 490
38 491
38 492
38 493
38 494
38 495
38 496
38 497
38 498
38 499
38 500
38 501
38 502
38 504
38 505
38 506
38 507
39 403
39 444
39 445
39 446
39 447
39 448
39 449
39 450
39 452
39 453
39 455
39 484
39 486
39 489
39 490
39 492
39 493
39 494
39 495
39 496
39 497
39 498
39 500
39 501
39 505
40 403
40 444
40 445
40 446
40 447
40 448
40 449
40 493
40 494
40 496
40 498
40 500
40 501
40 505
41 403
41 439
41 440
41 441
41 442
41 443
41 444
41 445
41 446
41 447
41 448
41 449
41 450
41 493
41 494
41 495
41 496
41 497
41 498
41 499
41 500
41 501
41 502
41 503
41 504
41 505
41 506
41 507
42 403
42 441
42 442
42 443
42 444
42 445
42 446
42 447
42 448
42 449
42 450
42 451
42 452
42 453
42 455
42 493
42 494
42 495
42 496
42 497
42 498
42 499
42 500
42 501
42 502
42 505
42 506
43 444
43 445
43 446
43 447
43 448
43 449
43 494
43 498
43 500
43 501
44 445
44 446
44 447
44 448
44 449
44 498
44 500
44 501
45 439
45 443
45 444
45 445
45 446
45 447
45 448
45 449
45 450
45 494
45 495
45 496
45 497
45 498
45 499
45 500
45 501
45 502
45 505
45 506
46 444
46 445
46 446
46 447
46 448
46 449
46 498
46 499
46 500
46 501
47 445
47 446
47 449
47 498
48 444
48 445
48 446
48 447
48 449
48 498
48 499
48 500
48 501
49 444
49 445
49 446
49 447
49 448
49 449
49 498
49 499
49 500
49 501
50 445
50 446
50 498
52 445
52 446
52 498
52 500
53 445
53 446
53 500
54 445
55 445
55 446
55 500
56 444
56 445
56 446
57 444
57 445
57 446
57 447
57 448
57 449
57 498
57 499
57 500
58 444
58 445
58 446
58 447
58 448
58 449
58 498
58 500
59 446
60 445
60 446
60 448
60 449
60 498
61 443
61 444
61 445
61 446
61 447
61 448
61 449
61 494
61 498
61 499
61 500
62 445
62 446
62 447
62 448
62 449
62 498
63 446
63 449
64 444
64 445
64 446
64 447
64 448
64 449
64 450
64 494
64 498
65 444
65 445
65 446
65 447
65 448
65 449
65 498
66 446
66 449
67 449
68 444
68 445
68 446
68 447
68 448
68 449
68 450
68 451
68 452
68 453
68 455
68 482
68 484
68 485
68 486
68 487
68 489
68 490
68 492
68 493
68 494
68 495
68 496
68 498
69 446
69 448
69 449
69 484
69 489
69 493
69 494
69 498
70 484
70 486
71 455
71 482
71 484
71 485
71 486
71 487
71 489
71 490
72 448
72 449
72 452
72 453
72 455
72 456
72 473
72 475
72 481
72 482
72 484
72 485
72 486
72 487
72 488
72 489
72 490
72 492
72 493
72 494
73 455
73 475
73 484
73 485
73 486
73 487
73 489
74 475
74 482
74 484
74 485
74 486
74 487
74 489
74 490
75 455
75 456
75 472
75 473
75 474
75 475
75 476
75 478
75 480
75 481
75 482
75 484
75 485
75 486
75 487
75 488
75 489
75 490
75 491
75 492
75 493
75 494
76 455
76 456
76 473
76 474
76 475
76 476
76 477
76 480
76 481
76 482
76 484
76 485
76 486
76 487
76 488
76 489
76 490
76 491
76 492
76 493
76 494
77 475
77 484
77 485
77 486
77 487
77 489
78 475
78 476
78 481
78 482
78 484
78 485
78 486
78 487
78 488
78 489
78 490
79 455
79 456
79 472
79 473
79 474
79 475
79 476
79 477
79 478
79 479
79 480
79 481
79 482
79 484
79 485
79 486
79 487
79 488
79 489
79 490
79 491
79 493
80 473
80 475
80 476
80 481
80 482
80 484
80 485
80 486
80 487
80 488
80 489
81 475
81 476
81 481
81 484
81 485
81 486
81 487
81 489
82 473
82 474
82 475
82 476
82 477
82 478
82 479
82 480
82 481
82 482
82 484
82 485
82 486
82 487
82 488
82 489
82 490
83 421
83 455
83 456
83 473
83 474
83 475
83 476
83 477
83 478
83 479
83 480
83 481
83 482
83 484
83 485
83 486
83 487
83 488
83 489
83 490
84 475
84 476
84 477
84 478
84 481
84 485
84 486
84 487
84 489
85 486
85 487
86 486
87 475
87 476
87 477
87 478
87 486
87 487
88 475
88 476
88 477
88 486
88 487
88 489
90 415
90 416
90 417
90 421
90 460
92 415
92 417
92 455
93 415
93 416
93 417
93 420
93 455
93 456
93 460
93 475
93 476
93 487
93 489
96 415
96 416
96 417
96 455
96 456
96 489
96 505
97 473
97 475
97 476
97 486
97 487
97 489
100 475
100 484
100 485
100 486
100 487
100 489
101 486
101 487
102 486
106 484
106 485
106 486
106 487
107 484
107 486
110 484
110 486
110 487
254 389
312 439
312 503
316 503
319 408
319 503
320 408
320 439
320 503
321 375
321 405
321 408
321 437
321 439
321 500
321 501
321 502
321 503
321 504
321 505
321 506
321 508
322 371
322 372
322 373
322 374
322 375
322 376
322 405
322 408
322 437
322 439
322 440
322 499
322 500
322 501
322 502
322 503
322 504
322 505
322 506
322 508
323 372
323 375
323 405
323 408
323 437
323 439
323 440
323 499
323 500
323 501
323 502
323 503
323 504
323 505
323 506
323 508
324 372
324 373
324 374
324 375
324 403
324 404
324 405
324 408
324 436
324 437
324 438
324 439
324 440
324 441
324 443
324 444
324 445
324 497
324 498
324 499
324 500
324 501
324 502
324 503
324 504
324 505
324 506
324 507
324 508
325 371
325 372
325 373
325 374
325 375
325 376
325 403
325 404
325 405
325 406
325 407
325 408
325 435
325 436
325 437
325 438
325 439
325 440
325 441
325 442
325 443
325 444
325 445
325 446
325 497
325 498
325 499
325 500
325 501
325 502
325 503
325 504
325 505
325 506
325 507
325 508
325 509
326 405
326 437
326 439
326 440
326 441
326 442
326 443
326 444
326 445
326 446
326 497
326 498
326 499
326 500
326 501
326 502
326 503
326 504
326 505
326 506
326 507
326 508
327 437
327 439
327 440
327 441
327 442
327 444
327 445
327 498
327 499
327 500
327 501
327 502
327 503
327 504
327 505
327 506
328 439
328 440
328 441
328 442
328 443
328 444
328 445
328 499
328 500
328 501
328 502
328 503
328 504
328 506
329 375
329 437
329 438
329 439
329 440
329 441
329 442
329 443
329 444
329 445
329 446
329 447
329 497
329 498
329 499
329 500
329 501
329 502
329 503
329 504
329 505
329 506
329 507
329 508
330 437
330 439
330 440
330 441
330 442
330 443
330 444
330 445
330 446
330 447
330 449
330 497
330 498
330 499
330 500
330 501
330 502
330 503
330 504
330 505
330 506
331 439
331 440
331 443
331 444
331 445
331 498
331 499
331 500
331 501
331 502
332 439
332 443
332 444
332 445
332 446
332 498
332 499
332 500
332 501
333 444
340 445
340 446
349 500
349 501
350 498
350 500
350 501
350 502
350 503
350 505
351 403
351 439
351 444
351 445
351 446
351 447
351 449
351 495
351 496
351 497
351 498
351 499
351 500
351 501
351 502
351 503
351 505
352 403
352 405
352 439
352 444
352 445
352 446
352 447
352 448
352 449
352 495
352 496
352 497
352 498
352 499
352 500
352 501
352 502
352 503
352 504
352 505
352 506
353 402
353 403
353 404
353 405
353 406
353 408
353 417
353 418
353 437
353 439
353 441
353 442
353 443
353 444
353 445
353 446
353 447
353 448
353 449
353 450
353 451
353 452
353 453
353 455
353 493
353 494
353 495
353 496
353 497
353 498
353 499
353 500
353 501
353 502
353 503
353 504
353 505
353 506
353 507
353 508
354 403
354 404
354 405
354 406
354 408
354 437
354 439
354 440
354 441
354 443
354 444
354 445
354 446
354 447
354 449
354 495
354 496
354 497
354 498
354 499
354 500
354 501
354 502
354 503
354 504
354 505
354 506
354 508
355 403
355 405
355 439
355 440
355 441
355 443
355 444
355 445
355 446
355 447
355 448
355 449
355 495
355 496
355 497
355 498
355 499
355 500
355 501
355 502
355 503
355 504
355 505
355 506
355 507
356 403
356 405
356 408
356 439
356 444
356 445
356 446
356 498
356 499
356 500
356 501
356 502
356 503
356 504
356 505
356 506
357 439
357 440
357 441
357 443
357 444
357 445
357 446
357 447
357 448
357 449
357 496
357 497
357 498
357 499
357 500
357 501
357 502
357 503
357 504
357 505
357 506
358 439
358 500
376 503
378 502
379 408
379 439
379 500
379 501
379 502
379 503
379 504
379 505
380 405
380 408
380 439
380 500
380 501
380 502
380 503
380 504
380 505
381 405
381 408
381 501
381 502
381 503
381 504
381 505
382 403
382 404
382 405
382 408
382 500
382 501
382 502
382 503
382 504
382 505
382 506
383 403
383 404
383 405
383 406
383 408
383 409
383 437
383 439
383 498
383 499
383 500
383 501
383 502
383 503
383 504
383 505
383 506
383 508
384 403
384 404
384 405
384 408
384 409
384 500
384 501
384 502
384 503
384 504
384 505
385 403
385 404
385 405
385 406
385 408
385 409
385 500
385 501
385 502
385 503
385 504
385 505
385 506
385 508
386 403
386 404
386 405
386 406
386 407
386 408
386 409
386 414
386 415
386 417
386 455
386 495
386 498
386 500
386 501
386 502
386 503
386 504
386 505
386 506
386 508
387 402
387 403
387 404
387 405
387 406
387 407
387 408
387 409
387 410
387 414
387 415
387 416
387 417
387 418
387 453
387 455
387 493
387 494
387 495
387 496
387 497
387 500
387 501
387 502
387 503
387 504
387 505
387 506
387 507
387 508
388 403
388 404
388 405
388 406
388 407
388 408
388 409
388 410
388 414
388 415
388 416
388 417
388 418
388 453
388 455
388 494
388 495
388 496
388 501
388 502
388 503
388 504
388 505
388 506
389 403
389 405
389 406
389 408
389 409
389 415
389 416
389 417
389 418
389 453
389 455
389 493
389 494
389 495
389 501
389 504
389 505
390 403
390 405
390 406
390 408
390 417
390 453
390 455
390 493
390 494
390 498
390 501
390 505
391 403
391 417
391 455
391 489
391 505
392 403
392 405
392 406
392 408
392 409
392 415
392 416
392 417
392 455
392 505
393 403
393 404
393 405
393 406
393 408
393 409
393 415
393 417
393 449
393 453
393 455
393 493
393 494
393 495
393 496
393 497
393 498
393 500
393 501
393 502
393 503
393 504
393 505
393 506
394 502
394 505
395 505
552 408
552 503
555 378
555 405
555 408
555 409
555 501
555 502
555 503
555 504
555 505
556 408
558 405
558 408
558 503
558 505
559 378
559 403
559 404
559 405
559 406
559 408
559 409
559 413
559 414
559 415
559 501
559 502
559 503
559 504
559 505
559 508
560 408
560 409
562 505
563 405
563 408
563 409
563 415
563 505
564 408
564 409
564 414
564 415
609 388
609 389
613 359
613 360
613 387
613 388
613 389
613 390
613 391
614 360
614 388
614 389
614 390
615 359
615 360
615 361
615 362
615 386
615 387
615 388
615 389
615 390
615 391
615 392
615 393
