21 415
21 416
21 417
21 420
21 421
21 455
21 456
21 457
21 458
21 459
21 460
21 462
21 472
21 473
21 474
21 475
21 476
21 477
21 478
21 479
21 480
21 481
21 482
21 484
21 485
21 486
21 487
21 488
21 489
21 490
21 491
22 408
22 409
22 413
22 414
22 415
22 416
22 417
22 418
22 419
22 420
22 421
22 424
22 453
22 454
22 455
22 456
22 457
22 458
22 459
22 460
22 461
22 462
22 472
22 473
22 474
22 475
22 476
22 477
22 478
22 479
22 480
22 481
22 482
22 484
22 485
22 486
22 487
22 488
22 489
22 490
22 491
22 493
23 406
23 408
23 409
23 411
23 412
23 413
23 414
23 415
23 416
23 417
23 418
23 419
23 420
23 421
23 422
23 423
23 424
23 425
23 426
23 427
23 453
23 454
23 455
23 456
23 457
23 458
23 459
23 460
23 461
23 462
23 463
23 465
23 467
23 469
23 470
23 471
23 472
23 473
23 474
23 475
23 476
23 477
23 478
23 479
23 480
23 481
23 482
23 484
23 485
23 486
23 487
23 488
23 489
23 490
23 491
23 492
23 493
24 409
24 413
24 414
24 415
24 416
24 417
24 418
24 419
24 420
24 421
24 422
24 424
24 453
24 454
24 455
24 456
24 457
24 458
24 459
24 460
24 461
24 462
24 467
24 469
24 470
24 471
24 472
24 473
24 474
24 475
24 476
24 477
24 478
24 479
24 480
24 481
24 482
24 484
24 485
24 486
24 487
24 488
24 489
24 490
24 491
24 492
24 493
25 403
25 406
25 409
25 414
25 415
25 416
25 417
25 418
25 419
25 420
25 421
25 453
25 454
25 455
25 456
25 457
25 458
25 459
25 460
25 461
25 471
25 472
25 473
25 474
25 475
25 476
25 477
25 478
25 479
25 480
25 481
25 482
25 484
25 485
25 486
25 487
25 488
25 489
25 490
25 491
25 492
25 493
26 350
26 351
26 402
26 403
26 404
26 405
26 406
26 407
26 408
26 409
26 410
26 411
26 412
26 413
26 414
26 415
26 416
26 417
26 418
26 419
26 420
26 421
26 422
26 423
26 424
26 425
26 427
26 452
26 453
26 454
26 455
26 456
26 457
26 458
26 459
26 460
26 461
26 462
26 467
26 470
26 471
26 472
26 473
26 474
26 475
26 476
26 477
26 478
26 479
26 480
26 481
26 482
26 484
26 485
26 486
26 487
26 488
26 489
26 490
26 491
26 492
26 493
26 494
26 495
26 504
26 505
27 350
27 351
27 403
27 405
27 406
27 408
27 409
27 412
27 413
27 414
27 415
27 416
27 417
27 418
27 419
27 420
27 421
27 422
27 423
27 424
27 449
27 452
27 453
27 454
27 455
27 456
27 457
27 458
27 459
27 460
27 461
27 462
27 465
27 467
27 468
27 469
27 470
27 471
27 472
27 473
27 474
27 475
27 476
27 477
27 478
27 479
27 480
27 481
27 482
27 484
27 485
27 486
27 487
27 488
27 489
27 490
27 491
27 492
27 493
27 494
27 495
27 496
27 505
28 403
28 405
28 406
28 408
28 409
28 413
28 414
28 415
28 416
28 417
28 418
28 419
28 420
28 421
28 422
28 424
28 448
28 449
28 452
28 453
28 454
28 455
28 456
28 457
28 458
28 459
28 460
28 461
28 469
28 470
28 471
28 472
28 473
28 474
28 475
28 476
28 477
28 478
28 479
28 480
28 481
28 482
28 484
28 485
28 486
28 487
28 488
28 489
28 490
28 491
28 492
28 493
28 494
28 495
28 496
28 505
29 403
29 405
29 406
29 408
29 409
29 414
29 415
29 416
29 417
29 418
29 419
29 420
29 421
29 422
29 448
29 449
29 451
29 452
29 453
29 454
29 455
29 456
29 457
29 458
29 459
29 460
29 471
29 472
29 473
29 474
29 475
29 476
29 477
29 478
29 479
29 480
29 481
29 482
29 484
29 485
29 486
29 487
29 488
29 489
29 490
29 491
29 492
29 493
29 494
29 495
29 496
29 498
29 501
29 504
29 505
30 349
30 350
30 351
30 402
30 403
30 404
30 405
30 406
30 407
30 408
30 409
30 410
30 411
30 412
30 413
30 414
30 415
30 416
30 417
30 418
30 419
30 420
30 421
30 422
30 423
30 424
30 425
30 444
30 447
30 448
30 449
30 450
30 451
30 452
30 453
30 454
30 455
30 456
30 457
30 458
30 459
30 460
30 461
30 462
30 467
30 469
30 470
30 471
30 472
30 473
30 474
30 475
30 476
30 477
30 478
30 479
30 480
30 481
30 482
30 484
30 485
30 486
30 487
30 488
30 489
30 490
30 491
30 492
30 493
30 494
30 495
30 496
30 497
30 498
30 501
30 502
30 504
30 505
31 349
31 350
31 351
31 352
31 401
31 402
31 403
31 405
31 406
31 408
31 409
31 413
31 414
31 415
31 416
31 417
31 418
31 419
31 420
31 421
31 422
31 423
31 424
31 443
31 444
31 445
31 446
31 447
31 448
31 449
31 450
31 451
31 452
31 453
31 454
31 455
31 456
31 457
31 458
31 459
31 460
31 461
31 467
31 468
31 469
31 470
31 471
31 472
31 473
31 474
31 475
31 476
31 477
31 478
31 479
31 480
31 481
31 482
31 484
31 485
31 486
31 487
31 488
31 489
31 490
31 491
31 492
31 493
31 494
31 495
31 496
31 497
31 498
31 500
31 501
31 504
31 505
32 403
32 405
32 406
32 408
32 409
32 415
32 416
32 417
32 418
32 419
32 420
32 421
32 422
32 444
32 445
32 446
32 447
32 448
32 449
32 450
32 451
32 452
32 453
32 454
32 455
32 456
32 457
32 458
32 459
32 460
32 469
32 470
32 471
32 472
32 473
32 474
32 475
32 476
32 477
32 478
32 479
32 480
32 481
32 482
32 484
32 485
32 486
32 487
32 488
32 489
32 490
32 491
32 492
32 493
32 494
32 495
32 496
32 497
32 498
32 500
32 501
32 502
32 504
32 505
33 349
33 350
33 351
33 401
33 402
33 403
33 404
33 405
33 406
33 407
33 408
33 409
33 410
33 414
33 415
33 416
33 417
33 418
33 419
33 420
33 421
33 422
33 444
33 445
33 446
33 447
33 448
33 449
33 450
33 451
33 452
33 453
33 454
33 455
33 456
33 457
33 458
33 460
33 470
33 472
33 473
33 474
33 475
33 476
33 477
33 478
33 482
33 484
33 485
33 486
33 487
33 488
33 489
33 490
33 491
33 492
33 493
33 494
33 495
33 496
33 497
33 498
33 499
33 500
33 501
33 502
33 503
33 504
33 505
33 506
33 507
34 346
34 347
34 348
34 349
34 350
34 351
34 352
34 400
34 401
34 402
34 403
34 404
34 405
34 406
34 407
34 408
34 409
34 410
34 411
34 412
34 413
34 414
34 415
34 416
34 417
34 418
34 419
34 420
34 421
34 422
34 423
34 424
34 425
34 437
34 438
34 439
34 441
34 442
34 443
34 444
34 445
34 446
34 447
34 448
34 449
34 450
34 451
34 452
34 453
34 454
34 455
34 456
34 457
34 458
34 459
34 460
34 461
34 466
34 467
34 468
34 469
34 470
34 471
34 472
34 473
34 474
34 475
34 476
34 477
34 478
34 479
34 480
34 481
34 482
34 484
34 485
34 486
34 487
34 488
34 489
34 490
34 491
34 492
34 493
34 494
34 495
34 496
34 497
34 498
34 499
34 500
34 501
34 502
34 503
34 504
34 505
34 506
34 507
34 508
34 509
34 510
35 349
35 350
35 351
35 352
35 401
35 402
35 403
35 404
35 405
35 406
35 408
35 409
35 414
35 415
35 416
35 417
35 418
35 419
35 420
35 421
35 422
35 423
35 442
35 443
35 444
35 445
35 446
35 447
35 448
35 449
35 450
35 451
35 452
35 453
35 454
35 455
35 456
35 457
35 458
35 459
35 460
35 467
35 468
35 469
35 470
35 471
35 472
35 473
35 474
35 475
35 476
35 477
35 478
35 479
35 480
35 481
35 482
35 484
35 485
35 486
35 487
35 488
35 489
35 490
35 491
35 492
35 493
35 494
35 495
35 496
35 497
35 498
35 499
35 500
35 501
35 502
35 504
35 505
35 506
35 507
36 403
36 405
36 406
36 408
36 409
36 415
36 416
36 417
36 418
36 421
36 422
36 443
36 444
36 445
36 446
36 447
36 448
36 449
36 450
36 451
36 452
36 453
36 454
36 455
36 456
36 457
36 472
36 473
36 474
36 475
36 476
36 477
36 482
36 484
36 485
36 486
36 487
36 488
36 489
36 490
36 491
36 492
36 493
36 494
36 495
36 496
36 497
36 498
36 499
36 500
36 501
36 502
36 503
36 504
36 505
36 506
37 349
37 350
37 351
37 401
37 402
37 403
37 404
37 405
37 406
37 407
37 408
37 409
37 414
37 415
37 416
37 417
37 418
37 419
37 420
37 421
37 422
37 437
37 438
37 439
37 440
37 441
37 442
37 443
37 444
37 445
37 446
37 447
37 448
37 449
37 450
37 451
37 452
37 453
37 454
37 455
37 456
37 457
37 473
37 475
37 482
37 484
37 485
37 486
37 487
37 488
37 489
37 490
37 491
37 492
37 493
37 494
37 495
37 496
37 497
37 498
37 499
37 500
37 501
37 502
37 503
37 504
37 505
37 506
37 507
37 508
38 346
38 348
38 349
38 350
38 351
38 352
38 401
38 402
38 403
38 404
38 405
38 406
38 407
38 408
38 409
38 415
38 416
38 417
38 418
38 419
38 420
38 421
38 422
38 437
38 438
38 439
38 440
38 441
38 442
38 443
38 444
38 445
38 446
38 447
38 448
38 449
38 450
38 451
38 452
38 453
38 454
38 455
38 456
38 457
38 469
38 470
38 472
38 473
38 474
38 475
38 482
38 484
38 485
38 486
38 487
38 488
38 489
38 490
38 491
38 492
38 493
38 494
38 495
38 496
38 497
38 498
38 499
38 500
38 501
38 502
38 503
38 504
38 505
38 506
38 507
38 508
39 403
39 405
39 406
39 417
39 418
39 439
39 441
39 442
39 443
39 444
39 445
39 446
39 447
39 448
39 449
39 450
39 451
39 452
39 453
39 454
39 455
39 456
39 472
39 473
39 474
39 475
39 476
39 481
39 482
39 484
39 485
39 486
39 487
39 488
39 489
39 490
39 491
39 492
39 493
39 494
39 495
39 496
39 497
39 498
39 499
39 500
39 501
39 502
39 504
39 505
39 506
39 507
40 403
40 405
40 406
40 408
40 417
40 443
40 444
40 445
40 446
40 447
40 448
40 449
40 450
40 451
40 452
40 453
40 455
40 484
40 485
40 489
40 490
40 492
40 493
40 494
40 495
40 496
40 497
40 498
40 499
40 500
40 501
40 502
40 503
40 504
40 505
40 506
41 346
41 401
41 402
41 403
41 404
41 405
41 406
41 408
41 417
41 437
41 438
41 439
41 440
41 441
41 442
41 443
41 444
41 445
41 446
41 447
41 448
41 449
41 450
41 451
41 452
41 453
41 455
41 484
41 489
41 492
41 493
41 494
41 495
41 496
41 497
41 498
41 499
41 500
41 501
41 502
41 503
41 504
41 505
41 506
41 507
41 508
42 346
42 349
42 350
42 351
42 401
42 402
42 403
42 404
42 405
42 406
42 417
42 418
42 422
42 437
42 438
42 439
42 440
42 441
42 442
42 443
42 444
42 445
42 446
42 447
42 448
42 449
42 450
42 451
42 452
42 453
42 454
42 455
42 456
42 484
42 486
42 489
42 490
42 491
42 492
42 493
42 494
42 495
42 496
42 497
42 498
42 499
42 500
42 501
42 502
42 503
42 504
42 505
42 506
42 507
42 508
43 403
43 443
43 444
43 445
43 446
43 447
43 448
43 449
43 450
43 451
43 452
43 453
43 455
43 484
43 493
43 494
43 495
43 496
43 497
43 498
43 499
43 500
43 501
43 502
43 505
43 506
44 403
44 405
44 439
44 443
44 444
44 445
44 446
44 447
44 448
44 449
44 450
44 452
44 493
44 494
44 495
44 496
44 497
44 498
44 499
44 500
44 501
44 502
44 503
44 504
44 505
44 506
45 346
45 403
45 405
45 438
45 439
45 440
45 441
45 442
45 443
45 444
45 445
45 446
45 447
45 448
45 449
45 450
45 451
45 452
45 453
45 493
45 494
45 495
45 496
45 497
45 498
45 499
45 500
45 501
45 502
45 503
45 504
45 505
45 506
45 507
46 439
46 440
46 443
46 444
46 445
46 446
46 447
46 448
46 449
46 450
46 452
46 493
46 494
46 495
46 496
46 497
46 498
46 499
46 500
46 501
46 502
46 505
46 506
47 444
47 445
47 446
47 447
47 448
47 449
47 494
47 496
47 497
47 498
47 499
47 500
47 501
47 502
48 439
48 440
48 441
48 442
48 443
48 444
48 445
48 446
48 447
48 448
48 449
48 496
48 497
48 498
48 499
48 500
48 501
48 502
48 503
48 505
48 506
49 439
49 440
49 441
49 442
49 443
49 444
49 445
49 446
49 447
49 448
49 449
49 450
49 494
49 495
49 496
49 497
49 498
49 499
49 500
49 501
49 502
49 503
49 505
49 506
50 444
50 445
50 446
50 447
50 448
50 449
50 498
50 499
50 500
50 501
51 444
51 445
51 446
51 447
51 449
51 498
51 499
51 500
51 501
52 439
52 440
52 442
52 443
52 444
52 445
52 446
52 447
52 448
52 449
52 498
52 499
52 500
52 501
52 502
53 439
53 440
53 443
53 444
53 445
53 446
53 447
53 448
53 449
53 498
53 499
53 500
53 501
53 502
53 506
54 444
54 445
54 446
54 447
54 498
54 499
54 500
55 439
55 440
55 443
55 444
55 445
55 446
55 447
55 448
55 449
55 498
55 499
55 500
55 501
56 440
56 443
56 444
56 445
56 446
56 447
56 448
56 449
56 498
56 499
56 500
57 439
57 440
57 441
57 442
57 443
57 444
57 445
57 446
57 447
57 448
57 449
57 450
57 494
57 496
57 497
57 498
57 499
57 500
57 501
58 439
58 440
58 443
58 444
58 445
58 446
58 447
58 448
58 449
58 450
58 497
58 498
58 499
58 500
58 501
59 444
59 445
59 446
59 447
59 448
59 449
59 498
59 500
60 443
60 444
60 445
60 446
60 447
60 448
60 449
60 450
60 494
60 498
60 500
61 346
61 439
61 440
61 441
61 442
61 443
61 444
61 445
61 446
61 447
61 448
61 449
61 450
61 451
61 452
61 490
61 493
61 494
61 495
61 496
61 497
61 498
61 499
61 500
61 501
61 502
62 443
62 444
62 445
62 446
62 447
62 448
62 449
62 450
62 494
62 496
62 497
62 498
62 499
62 500
62 501
63 444
63 445
63 446
63 447
63 448
63 449
63 484
63 490
63 494
63 498
63 500
64 443
64 444
64 445
64 446
64 447
64 448
64 449
64 450
64 451
64 452
64 455
64 484
64 489
64 490
64 492
64 493
64 494
64 495
64 496
64 497
64 498
64 499
64 500
64 501
65 443
65 444
65 445
65 446
65 447
65 448
65 449
65 450
65 451
65 452
65 453
65 455
65 484
65 486
65 489
65 490
65 492
65 493
65 494
65 495
65 496
65 497
65 498
65 499
65 500
65 501
65 505
66 444
66 445
66 446
66 447
66 448
66 449
66 450
66 452
66 455
66 484
66 486
66 489
66 490
66 493
66 494
66 496
66 497
66 498
66 500
66 501
67 444
67 445
67 446
67 447
67 448
67 449
67 450
67 452
67 455
67 482
67 484
67 485
67 486
67 487
67 488
67 489
67 490
67 492
67 493
67 494
67 498
68 351
68 403
68 417
68 442
68 443
68 444
68 445
68 446
68 447
68 448
68 449
68 450
68 451
68 452
68 453
68 454
68 455
68 456
68 470
68 471
68 472
68 473
68 474
68 475
68 478
68 480
68 481
68 482
68 484
68 485
68 486
68 487
68 488
68 489
68 490
68 491
68 492
68 493
68 494
68 495
68 496
68 497
68 498
68 499
68 500
68 501
68 505
69 403
69 444
69 445
69 446
69 447
69 448
69 449
69 450
69 452
69 453
69 455
69 456
69 473
69 475
69 481
69 482
69 484
69 485
69 486
69 487
69 488
69 489
69 490
69 492
69 493
69 494
69 495
69 496
69 497
69 498
69 500
69 501
69 505
70 445
70 446
70 447
70 448
70 449
70 452
70 455
70 475
70 481
70 482
70 484
70 485
70 486
70 487
70 488
70 489
70 490
70 493
70 494
70 498
71 446
71 447
71 448
71 449
71 450
71 452
71 453
71 455
71 456
71 472
71 473
71 474
71 475
71 476
71 480
71 481
71 482
71 484
71 485
71 486
71 487
71 488
71 489
71 490
71 491
71 492
71 493
71 494
71 498
72 403
72 406
72 416
72 417
72 418
72 421
72 422
72 444
72 445
72 446
72 447
72 448
72 449
72 450
72 451
72 452
72 453
72 454
72 455
72 456
72 457
72 470
72 471
72 472
72 473
72 474
72 475
72 476
72 477
72 478
72 480
72 481
72 482
72 484
72 485
72 486
72 487
72 488
72 489
72 490
72 491
72 492
72 493
72 494
72 495
72 496
72 497
72 498
72 500
72 501
72 505
73 448
73 449
73 452
73 453
73 455
73 456
73 473
73 474
73 475
73 476
73 481
73 482
73 484
73 485
73 486
73 487
73 488
73 489
73 490
73 492
73 493
73 494
73 498
73 505
74 449
74 455
74 473
74 474
74 475
74 476
74 478
74 480
74 481
74 482
74 484
74 485
74 486
74 487
74 488
74 489
74 490
74 493
74 494
75 417
75 421
75 447
75 448
75 449
75 450
75 452
75 453
75 454
75 455
75 456
75 457
75 458
75 469
75 470
75 471
75 472
75 473
75 474
75 475
75 476
75 477
75 478
75 479
75 480
75 481
75 482
75 484
75 485
75 486
75 487
75 488
75 489
75 490
75 491
75 492
75 493
75 494
75 495
75 498
76 403
76 416
76 417
76 421
76 448
76 449
76 450
76 452
76 453
76 454
76 455
76 456
76 457
76 458
76 470
76 471
76 472
76 473
76 474
76 475
76 476
76 477
76 478
76 479
76 480
76 481
76 482
76 484
76 485
76 486
76 487
76 488
76 489
76 490
76 491
76 492
76 493
76 494
76 495
76 496
76 498
76 505
77 455
77 456
77 473
77 474
77 475
77 476
77 477
77 478
77 479
77 480
77 481
77 482
77 484
77 485
77 486
77 487
77 488
77 489
77 490
77 493
78 455
78 456
78 472
78 473
78 474
78 475
78 476
78 477
78 478
78 479
78 480
78 481
78 482
78 484
78 485
78 486
78 487
78 488
78 489
78 490
78 491
78 493
79 416
79 417
79 421
79 449
79 452
79 453
79 454
79 455
79 456
79 457
79 458
79 460
79 470
79 471
79 472
79 473
79 474
79 475
79 476
79 477
79 478
79 479
79 480
79 481
79 482
79 484
79 485
79 486
79 487
79 488
79 489
79 490
79 491
79 492
79 493
79 494
80 455
80 456
80 472
80 473
80 474
80 475
80 476
80 477
80 478
80 479
80 480
80 481
80 482
80 484
80 485
80 486
80 487
80 488
80 489
80 490
80 491
80 493
81 455
81 456
81 473
81 474
81 475
81 476
81 477
81 478
81 479
81 480
81 481
81 482
81 484
81 485
81 486
81 487
81 488
81 489
81 490
82 417
82 421
82 455
82 456
82 457
82 458
82 472
82 473
82 474
82 475
82 476
82 477
82 478
82 479
82 480
82 481
82 482
82 484
82 485
82 486
82 487
82 488
82 489
82 490
82 491
82 493
83 415
83 416
83 417
83 420
83 421
83 453
83 454
83 455
83 456
83 457
83 458
83 459
83 460
83 471
83 472
83 473
83 474
83 475
83 476
83 477
83 478
83 479
83 480
83 481
83 482
83 484
83 485
83 486
83 487
83 488
83 489
83 490
83 491
83 492
83 493
84 455
84 456
84 458
84 473
84 474
84 475
84 476
84 477
84 478
84 479
84 480
84 481
84 482
84 484
84 485
84 486
84 487
84 488
84 489
85 417
85 455
85 456
85 473
85 475
85 476
85 477
85 478
85 481
85 484
85 485
85 486
85 487
85 488
85 489
86 475
86 476
86 477
86 478
86 481
86 485
86 486
86 487
86 489
87 415
87 417
87 420
87 421
87 455
87 456
87 458
87 460
87 473
87 474
87 475
87 476
87 477
87 478
87 479
87 481
87 484
87 485
87 486
87 487
87 488
87 489
88 415
88 416
88 417
88 420
88 421
88 455
88 456
88 457
88 458
88 460
88 473
88 474
88 475
88 476
88 477
88 478
88 481
88 484
88 485
88 486
88 487
88 488
88 489
89 413
89 415
89 416
89 417
89 420
89 421
89 455
89 456
89 457
89 458
89 459
89 460
89 473
89 474
89 475
89 476
89 477
89 478
89 486
89 487
89 489
90 403
90 406
90 408
90 409
90 412
90 413
90 414
90 415
90 416
90 417
90 418
90 419
90 420
90 421
90 424
90 453
90 455
90 456
90 457
90 458
90 459
90 460
90 473
90 474
90 475
90 476
90 477
90 478
90 486
90 487
90 489
91 408
91 413
91 415
91 416
91 417
91 420
91 421
91 455
91 460
91 475
91 476
92 403
92 405
92 406
92 408
92 409
92 413
92 414
92 415
92 416
92 417
92 418
92 419
92 420
92 421
92 453
92 455
92 456
92 460
92 473
92 475
92 476
92 477
92 478
92 486
92 487
92 489
92 493
92 505
93 403
93 405
93 406
93 408
93 409
93 413
93 414
93 415
93 416
93 417
93 418
93 419
93 420
93 421
93 424
93 453
93 454
93 455
93 456
93 457
93 458
93 459
93 460
93 473
93 474
93 475
93 476
93 477
93 478
93 479
93 481
93 485
93 486
93 487
93 488
93 489
93 493
93 505
94 415
94 416
94 417
94 420
94 421
94 455
94 456
94 460
94 473
94 475
94 476
94 477
94 478
94 486
94 487
94 489
95 415
95 416
95 417
95 455
95 475
95 486
95 487
95 489
95 505
96 403
96 405
96 406
96 408
96 409
96 413
96 414
96 415
96 416
96 417
96 418
96 419
96 420
96 421
96 453
96 454
96 455
96 456
96 457
96 460
96 473
96 474
96 475
96 476
96 477
96 478
96 484
96 485
96 486
96 487
96 489
96 490
96 493
96 494
96 495
96 501
96 504
96 505
97 415
97 416
97 417
97 420
97 421
97 455
97 456
97 458
97 460
97 473
97 474
97 475
97 476
97 477
97 478
97 481
97 482
97 484
97 485
97 486
97 487
97 488
97 489
97 490
97 493
98 473
98 475
98 476
98 486
98 487
98 489
99 417
99 455
99 475
99 485
99 486
99 487
99 489
99 505
100 417
100 421
100 453
100 455
100 456
100 473
100 474
100 475
100 476
100 477
100 478
100 481
100 482
100 484
100 485
100 486
100 487
100 488
100 489
100 490
100 492
100 493
100 505
101 473
101 474
101 475
101 476
101 477
101 478
101 481
101 482
101 484
101 485
101 486
101 487
101 488
101 489
102 481
102 484
102 485
102 486
102 487
102 489
103 455
103 475
103 484
103 485
103 486
103 487
103 489
103 490
103 493
103 498
103 505
104 482
104 484
104 485
104 486
104 487
104 489
104 490
105 475
105 481
105 482
105 484
105 485
105 486
105 487
105 489
106 475
106 476
106 481
106 482
106 484
106 485
106 486
106 487
106 488
106 489
106 490
107 475
107 481
107 482
107 484
107 485
107 486
107 487
107 489
108 482
108 484
108 485
108 486
108 487
108 489
109 484
109 486
109 487
110 449
110 475
110 481
110 482
110 484
110 485
110 486
110 487
110 488
110 489
110 490
111 484
113 484
113 486
114 449
114 482
114 484
114 486
114 487
136 389
136 391
158 388
158 389
159 388
159 389
162 389
166 389
193 484
193 486
194 484
194 486
195 484
195 486
195 487
206 505
249 388
249 389
249 390
250 388
250 389
250 390
252 389
253 386
253 388
253 389
254 360
254 385
254 386
254 387
254 388
254 389
254 390
254 392
255 386
255 388
255 389
256 388
256 389
257 388
257 389
258 389
259 388
259 389
304 500
305 439
305 440
305 441
305 442
305 443
305 444
305 445
305 499
305 500
305 501
305 502
305 503
305 506
308 439
308 440
308 441
308 442
308 443
308 444
308 445
308 499
308 500
308 501
308 502
308 503
308 506
309 372
309 437
309 439
309 440
309 441
309 442
309 444
309 445
309 498
309 499
309 500
309 501
309 502
309 503
309 506
311 500
311 503
312 372
312 375
312 405
312 408
312 437
312 439
312 440
312 441
312 442
312 444
312 498
312 499
312 500
312 501
312 502
312 503
312 504
312 505
312 506
312 508
313 439
313 503
314 503
315 408
315 439
315 499
315 500
315 501
315 502
315 503
315 504
315 505
315 506
315 508
316 370
316 371
316 372
316 373
316 374
316 375
316 378
316 408
316 437
316 439
316 499
316 500
316 501
316 502
316 503
316 504
316 506
316 508
317 372
317 408
317 439
317 503
318 375
318 408
318 439
318 503
318 508
319 369
319 371
319 372
319 373
319 374
319 375
319 376
319 377
319 378
319 404
319 405
319 408
319 435
319 437
319 439
319 501
319 502
319 503
319 504
319 505
319 506
319 508
320 369
320 371
320 372
320 373
320 374
320 375
320 376
320 378
320 404
320 405
320 408
320 437
320 439
320 499
320 500
320 501
320 502
320 503
320 504
320 505
320 506
320 508
321 368
321 369
321 370
321 371
321 372
321 373
321 374
321 375
321 376
321 377
321 378
321 402
321 403
321 404
321 405
321 406
321 407
321 408
321 409
321 414
321 435
321 436
321 437
321 438
321 439
321 440
321 443
321 498
321 499
321 500
321 501
321 502
321 503
321 504
321 505
321 506
321 507
321 508
322 367
322 368
322 369
322 370
322 371
322 372
322 373
322 374
322 375
322 376
322 377
322 378
322 402
322 403
322 404
322 405
322 406
322 407
322 408
322 409
322 414
322 433
322 434
322 435
322 436
322 437
322 438
322 439
322 440
322 441
322 442
322 443
322 444
322 445
322 496
322 497
322 498
322 499
322 500
322 501
322 502
322 503
322 504
322 505
322 506
322 507
322 508
322 509
323 369
323 370
323 371
323 372
323 373
323 374
323 375
323 376
323 377
323 378
323 402
323 403
323 404
323 405
323 406
323 407
323 408
323 409
323 435
323 436
323 437
323 438
323 439
323 440
323 441
323 442
323 443
323 444
323 445
323 446
323 496
323 497
323 498
323 499
323 500
323 501
323 502
323 503
323 504
323 505
323 506
323 507
323 508
323 509
324 346
324 368
324 369
324 370
324 371
324 372
324 373
324 374
324 375
324 376
324 377
324 378
324 401
324 402
324 403
324 404
324 405
324 406
324 407
324 408
324 409
324 414
324 415
324 435
324 436
324 437
324 438
324 439
324 440
324 441
324 442
324 443
324 444
324 445
324 446
324 447
324 448
324 449
324 451
324 495
324 496
324 497
324 498
324 499
324 500
324 501
324 502
324 503
324 504
324 505
324 506
324 507
324 508
324 509
324 510
325 339
325 340
325 342
325 343
325 345
325 346
325 367
325 368
325 369
325 370
325 371
325 372
325 373
325 374
325 375
325 376
325 377
325 378
325 400
325 401
325 402
325 403
325 404
325 405
325 406
325 407
325 408
325 409
325 410
325 414
325 433
325 434
325 435
325 436
325 437
325 438
325 439
325 440
325 441
325 442
325 443
325 444
325 445
325 446
325 447
325 448
325 449
325 451
325 495
325 496
325 497
325 498
325 499
325 500
325 501
325 502
325 503
325 504
325 505
325 506
325 507
325 508
325 509
325 510
325 511
326 371
326 372
326 373
326 374
326 375
326 376
326 403
326 404
326 405
326 406
326 407
326 408
326 435
326 436
326 437
326 438
326 439
326 440
326 441
326 442
326 443
326 444
326 445
326 446
326 447
326 448
326 449
326 495
326 496
326 497
326 498
326 499
326 500
326 501
326 502
326 503
326 504
326 505
326 506
326 507
326 508
326 509
327 372
327 373
327 375
327 403
327 404
327 405
327 408
327 436
327 437
327 438
327 439
327 440
327 441
327 442
327 443
327 444
327 445
327 446
327 447
327 448
327 449
327 496
327 497
327 498
327 499
327 500
327 501
327 502
327 503
327 504
327 505
327 506
327 507
327 508
328 372
328 373
328 375
328 376
328 403
328 404
328 405
328 408
328 437
328 438
328 439
328 440
328 441
328 442
328 443
328 444
328 445
328 446
328 447
328 497
328 498
328 499
328 500
328 501
328 502
328 503
328 504
328 505
328 506
328 507
328 508
329 346
329 371
329 372
329 373
329 374
329 375
329 376
329 402
329 403
329 404
329 405
329 408
329 435
329 436
329 437
329 438
329 439
329 440
329 441
329 442
329 443
329 444
329 445
329 446
329 447
329 448
329 449
329 496
329 497
329 498
329 499
329 500
329 501
329 502
329 503
329 504
329 505
329 506
329 507
329 508
329 509
330 372
330 375
330 403
330 404
330 405
330 408
330 437
330 438
330 439
330 440
330 441
330 442
330 443
330 444
330 445
330 446
330 447
330 448
330 449
330 450
330 495
330 496
330 497
330 498
330 499
330 500
330 501
330 502
330 503
330 504
330 505
330 506
330 507
330 508
331 437
331 439
331 440
331 441
331 442
331 443
331 444
331 445
331 446
331 447
331 449
331 497
331 498
331 499
331 500
331 501
331 502
331 503
331 504
331 505
331 506
332 439
332 440
332 441
332 442
332 443
332 444
332 445
332 446
332 447
332 448
332 449
332 497
332 498
332 499
332 500
332 501
332 502
332 503
332 504
332 505
332 506
333 439
333 440
333 441
333 442
333 443
333 444
333 445
333 446
333 498
333 499
333 500
333 501
333 502
333 503
334 439
334 440
334 444
334 445
334 446
334 499
334 500
335 439
335 440
335 444
335 445
335 446
335 499
335 500
336 445
336 446
336 498
336 500
337 445
337 446
337 500
338 445
338 446
338 498
338 499
338 500
339 445
339 446
339 498
339 499
339 500
340 440
340 444
340 445
340 446
340 447
340 498
340 499
340 500
340 501
341 445
341 446
341 499
341 500
342 445
342 446
342 500
343 446
347 445
347 500
347 501
347 502
348 439
348 445
348 498
348 499
348 500
348 501
348 502
348 503
348 505
349 403
349 405
349 408
349 439
349 444
349 445
349 446
349 447
349 448
349 449
349 496
349 498
349 499
349 500
349 501
349 502
349 503
349 504
349 505
349 506
350 403
350 405
350 408
350 439
350 444
350 445
350 446
350 447
350 448
350 449
350 493
350 494
350 495
350 496
350 497
350 498
350 499
350 500
350 501
350 502
350 503
350 504
350 505
350 506
350 507
351 403
351 404
351 405
351 406
351 408
351 417
351 439
351 440
351 441
351 442
351 443
351 444
351 445
351 446
351 447
351 448
351 449
351 450
351 451
351 452
351 453
351 455
351 493
351 494
351 495
351 496
351 497
351 498
351 499
351 500
351 501
351 502
351 503
351 504
351 505
351 506
351 507
352 402
352 403
352 404
352 405
352 406
352 407
352 408
352 409
352 415
352 417
352 437
352 439
352 440
352 441
352 442
352 443
352 444
352 445
352 446
352 447
352 448
352 449
352 450
352 451
352 453
352 455
352 493
352 494
352 495
352 496
352 497
352 498
352 499
352 500
352 501
352 502
352 503
352 504
352 505
352 506
352 507
352 508
353 346
353 348
353 349
353 350
353 351
353 375
353 376
353 401
353 402
353 403
353 404
353 405
353 406
353 407
353 408
353 409
353 410
353 414
353 415
353 416
353 417
353 418
353 419
353 421
353 422
353 436
353 437
353 438
353 439
353 440
353 441
353 442
353 443
353 444
353 445
353 446
353 447
353 448
353 449
353 450
353 451
353 452
353 453
353 454
353 455
353 456
353 473
353 484
353 489
353 490
353 491
353 492
353 493
353 494
353 495
353 496
353 497
353 498
353 499
353 500
353 501
353 502
353 503
353 504
353 505
353 506
353 507
353 508
353 509
354 375
354 376
354 402
354 403
354 404
354 405
354 406
354 407
354 408
354 409
354 415
354 416
354 417
354 418
354 436
354 437
354 438
354 439
354 440
354 441
354 442
354 443
354 444
354 445
354 446
354 447
354 448
354 449
354 450
354 451
354 453
354 455
354 493
354 494
354 495
354 496
354 497
354 498
354 499
354 500
354 501
354 502
354 503
354 504
354 505
354 506
354 507
354 508
355 402
355 403
355 404
355 405
355 406
355 407
355 408
355 409
355 417
355 437
355 438
355 439
355 440
355 441
355 442
355 443
355 444
355 445
355 446
355 447
355 448
355 449
355 450
355 451
355 453
355 455
355 493
355 494
355 495
355 496
355 497
355 498
355 499
355 500
355 501
355 502
355 503
355 504
355 505
355 506
355 507
355 508
356 403
356 404
356 405
356 406
356 407
356 408
356 409
356 415
356 417
356 437
356 439
356 440
356 441
356 442
356 443
356 444
356 445
356 446
356 447
356 448
356 449
356 495
356 496
356 497
356 498
356 499
356 500
356 501
356 502
356 503
356 504
356 505
356 506
356 507
356 508
357 403
357 404
357 405
357 408
357 437
357 438
357 439
357 440
357 441
357 442
357 443
357 444
357 445
357 446
357 447
357 448
357 449
357 450
357 494
357 495
357 496
357 497
357 498
357 499
357 500
357 501
357 502
357 503
357 504
357 505
357 506
357 507
357 508
358 439
358 440
358 441
358 442
358 443
358 444
358 445
358 446
358 447
358 498
358 499
358 500
358 501
358 502
358 503
358 504
358 505
358 506
359 439
359 444
359 445
359 446
359 498
359 499
359 500
359 501
359 502
360 439
360 444
360 445
360 499
360 500
360 501
360 502
375 439
375 500
375 501
375 502
375 503
375 505
376 405
376 408
376 439
376 499
376 500
376 501
376 502
376 503
376 504
376 505
376 506
377 405
377 408
377 500
377 501
377 502
377 503
377 504
377 505
378 405
378 408
378 439
378 499
378 500
378 501
378 502
378 503
378 504
378 505
378 506
379 403
379 404
379 405
379 408
379 437
379 439
379 440
379 444
379 445
379 498
379 499
379 500
379 501
379 502
379 503
379 504
379 505
379 506
379 508
380 375
380 376
380 378
380 403
380 404
380 405
380 408
380 409
380 437
380 439
380 498
380 499
380 500
380 501
380 502
380 503
380 504
380 505
380 506
380 508
381 403
381 404
381 405
381 406
381 408
381 409
381 439
381 499
381 500
381 501
381 502
381 503
381 504
381 505
381 506
381 508
382 375
382 402
382 403
382 404
382 405
382 406
382 407
382 408
382 409
382 415
382 417
382 437
382 439
382 445
382 449
382 453
382 495
382 496
382 497
382 498
382 499
382 500
382 501
382 502
382 503
382 504
382 505
382 506
382 507
382 508
383 372
383 375
383 376
383 378
383 402
383 403
383 404
383 405
383 406
383 407
383 408
383 409
383 410
383 414
383 415
383 417
383 435
383 436
383 437
383 438
383 439
383 440
383 441
383 443
383 444
383 445
383 446
383 447
383 449
383 495
383 496
383 497
383 498
383 499
383 500
383 501
383 502
383 503
383 504
383 505
383 506
383 507
383 508
384 375
384 376
384 378
384 380
384 403
384 404
384 405
384 406
384 407
384 408
384 409
384 410
384 411
384 414
384 415
384 416
384 417
384 437
384 439
384 455
384 498
384 499
384 500
384 501
384 502
384 503
384 504
384 505
384 506
384 507
384 508
385 375
385 376
385 378
385 380
385 402
385 403
385 404
385 405
385 406
385 407
385 408
385 409
385 410
385 411
385 413
385 414
385 415
385 416
385 417
385 418
385 419
385 420
385 437
385 439
385 453
385 455
385 493
385 494
385 495
385 496
385 497
385 498
385 499
385 500
385 501
385 502
385 503
385 504
385 505
385 506
385 507
385 508
386 375
386 376
386 378
386 380
386 402
386 403
386 404
386 405
386 406
386 407
386 408
386 409
386 410
386 411
386 412
386 413
386 414
386 415
386 416
386 417
386 418
386 419
386 420
386 433
386 435
386 437
386 439
386 443
386 444
386 446
386 447
386 448
386 449
386 453
386 455
386 493
386 494
386 495
386 496
386 497
386 498
386 499
386 500
386 501
386 502
386 503
386 504
386 505
386 506
386 507
386 508
386 510
387 349
387 350
387 375
387 376
387 378
387 380
387 400
387 401
387 402
387 403
387 404
387 405
387 406
387 407
387 408
387 409
387 410
387 411
387 412
387 413
387 414
387 415
387 416
387 417
387 418
387 419
387 420
387 421
387 422
387 423
387 425
387 433
387 435
387 436
387 437
387 438
387 439
387 442
387 443
387 447
387 448
387 449
387 451
387 452
387 453
387 454
387 455
387 456
387 460
387 492
387 493
387 494
387 495
387 496
387 497
387 498
387 499
387 500
387 501
387 502
387 503
387 504
387 505
387 506
387 507
387 508
387 509
387 510
388 350
388 376
388 378
388 380
388 401
388 402
388 403
388 404
388 405
388 406
388 407
388 408
388 409
388 410
388 411
388 412
388 413
388 414
388 415
388 416
388 417
388 418
388 419
388 420
388 421
388 422
388 423
388 424
388 437
388 439
388 448
388 449
388 451
388 452
388 453
388 454
388 455
388 456
388 460
388 489
388 492
388 493
388 494
388 495
388 496
388 497
388 498
388 499
388 500
388 501
388 502
388 503
388 504
388 505
388 506
388 507
388 508
388 510
389 350
389 402
389 403
389 404
389 405
389 406
389 407
389 408
389 409
389 410
389 411
389 413
389 414
389 415
389 416
389 417
389 418
389 419
389 420
389 421
389 422
389 449
389 451
389 452
389 453
389 454
389 455
389 456
389 457
389 460
389 473
389 475
389 476
389 477
389 487
389 489
389 490
389 491
389 492
389 493
389 494
389 495
389 496
389 497
389 498
389 500
389 501
389 502
389 503
389 504
389 505
389 506
389 507
389 508
390 402
390 403
390 404
390 405
390 406
390 407
390 408
390 409
390 414
390 415
390 416
390 417
390 418
390 419
390 420
390 421
390 444
390 445
390 446
390 447
390 448
390 449
390 450
390 451
390 452
390 453
390 454
390 455
390 456
390 473
390 475
390 484
390 485
390 486
390 487
390 489
390 490
390 491
390 492
390 493
390 494
390 495
390 496
390 497
390 498
390 499
390 500
390 501
390 502
390 503
390 504
390 505
390 506
391 403
391 405
391 406
391 408
391 409
391 415
391 416
391 417
391 421
391 449
391 453
391 455
391 456
391 473
391 474
391 475
391 476
391 477
391 484
391 485
391 486
391 487
391 488
391 489
391 493
391 494
391 495
391 496
391 498
391 501
391 502
391 504
391 505
392 403
392 404
392 405
392 406
392 407
392 408
392 409
392 413
392 414
392 415
392 416
392 417
392 418
392 419
392 420
392 421
392 453
392 454
392 455
392 456
392 460
392 473
392 489
392 493
392 494
392 495
392 500
392 501
392 502
392 503
392 504
392 505
392 506
393 350
393 401
393 402
393 403
393 404
393 405
393 406
393 407
393 408
393 409
393 410
393 414
393 415
393 416
393 417
393 418
393 419
393 420
393 421
393 422
393 437
393 439
393 442
393 443
393 444
393 445
393 446
393 447
393 448
393 449
393 450
393 451
393 452
393 453
393 454
393 455
393 456
393 473
393 489
393 491
393 492
393 493
393 494
393 495
393 496
393 497
393 498
393 499
393 500
393 501
393 502
393 503
393 504
393 505
393 506
393 507
393 508
394 403
394 405
394 406
394 408
394 409
394 417
394 439
394 449
394 455
394 493
394 494
394 496
394 498
394 499
394 500
394 501
394 502
394 503
394 504
394 505
394 506
395 403
395 405
395 408
395 409
395 500
395 501
395 502
395 503
395 504
395 505
396 405
396 408
396 505
397 505
398 505
401 405
401 408
401 500
401 501
401 502
401 503
401 504
401 505
404 408
404 502
404 503
404 505
408 408
408 503
471 389
472 389
475 389
482 389
490 389
491 388
491 389
492 387
492 388
492 389
493 360
493 391
493 393
548 369
548 370
548 372
548 375
548 378
548 408
548 503
549 378
551 378
551 405
551 408
551 502
551 503
551 504
551 505
552 369
552 371
552 372
552 374
552 375
552 376
552 377
552 378
552 380
552 404
552 405
552 408
552 409
552 414
552 502
552 503
552 504
552 505
552 506
552 508
553 408
553 503
554 405
554 408
554 409
554 503
554 505
555 369
555 374
555 375
555 376
555 377
555 378
555 380
555 403
555 404
555 405
555 406
555 407
555 408
555 409
555 410
555 411
555 413
555 414
555 415
555 416
555 435
555 437
555 439
555 499
555 500
555 501
555 502
555 503
555 504
555 505
555 506
555 508
556 376
556 378
556 380
556 404
556 405
556 406
556 407
556 408
556 409
556 411
556 412
556 413
556 414
556 415
556 503
556 504
556 505
557 405
557 408
557 409
557 414
557 503
557 505
558 403
558 404
558 405
558 406
558 408
558 409
558 414
558 500
558 501
558 502
558 503
558 504
558 505
558 506
558 508
559 374
559 375
559 376
559 377
559 378
559 379
559 380
559 402
559 403
559 404
559 405
559 406
559 407
559 408
559 409
559 410
559 411
559 412
559 413
559 414
559 415
559 416
559 417
559 418
559 419
559 420
559 424
559 433
559 435
559 437
559 439
559 453
559 455
559 495
559 497
559 498
559 499
559 500
559 501
559 502
559 503
559 504
559 505
559 506
559 507
559 508
560 403
560 405
560 406
560 407
560 408
560 409
560 412
560 413
560 414
560 415
560 416
560 417
560 455
560 501
560 502
560 503
560 504
560 505
561 403
561 405
561 406
561 408
561 409
561 414
561 415
561 417
561 501
561 502
561 503
561 504
561 505
562 403
562 405
562 406
562 408
562 409
562 414
562 415
562 416
562 417
562 455
562 501
562 503
562 504
562 505
563 403
563 404
563 405
563 406
563 407
563 408
563 409
563 412
563 413
563 414
563 415
563 416
563 417
563 418
563 419
563 420
563 421
563 453
563 455
563 460
563 503
563 504
563 505
564 403
564 404
564 405
564 406
564 407
564 408
564 409
564 410
564 411
564 412
564 413
564 414
564 415
564 416
564 417
564 418
564 419
564 420
564 455
564 460
564 504
564 505
565 408
565 414
565 415
565 416
566 408
566 505
568 408
568 409
568 414
568 415
569 408
572 408
572 414
573 408
600 386
600 389
600 390
601 386
601 388
601 389
601 390
601 391
603 391
606 389
607 388
607 389
608 387
608 388
608 389
609 360
609 386
609 387
609 388
609 389
609 390
609 391
610 359
610 360
610 362
610 387
610 388
610 389
610 390
610 391
610 393
611 387
611 388
611 389
611 390
611 391
612 359
612 360
612 362
612 388
612 389
612 390
612 391
613 336
613 357
613 358
613 359
613 360
613 361
613 362
613 363
613 385
613 386
613 387
613 388
613 389
613 390
613 391
613 392
613 393
613 394
613 395
613 396
613 516
614 336
614 357
614 359
614 360
614 361
614 362
614 386
614 387
614 388
614 389
614 390
614 391
614 392
614 393
614 394
615 336
615 337
615 338
615 357
615 358
615 359
615 360
615 361
615 362
615 363
615 364
615 385
615 386
615 387
615 388
615 389
615 390
615 391
615 392
615 393
615 394
615 396
615 515
615 516
